
if  not game:IsLoaded() then repeat game.Loaded:Wait();until game:IsLoaded() end repeat wait(1);pcall(function()if game:GetService("Players").LocalPlayer.PlayerGui.Main:FindFirstChild("ChooseTeam") then if (game:GetService("Players").LocalPlayer.PlayerGui.Main.ChooseTeam.Visible==true) then if (_G.Team=="Marines") then for v89,v90 in pairs(getconnections(game:GetService("Players").LocalPlayer.PlayerGui.Main.ChooseTeam.Container.Marines.Frame.ViewportFrame.TextButton.MouseButton1Click)) do v90.Function();end else for v91,v92 in pairs(getconnections(game:GetService("Players").LocalPlayer.PlayerGui.Main.ChooseTeam.Container.Pirates.Frame.ViewportFrame.TextButton.MouseButton1Click)) do v92.Function();end end end end end);until game.Players.localPlayer.Neutral==false  if (_G.Fast_Delay==nil) then _G.Fast_Delay=0.3;end spawn(function()while true do wait();getgenv().rejoin=game:GetService("CoreGui").RobloxPromptGui.promptOverlay.ChildAdded:Connect(function(v49)if ( not _G.TP_Ser and _G.Rejoin) then if ((v49.Name=="ErrorPrompt") and v49:FindFirstChild("MessageArea") and v49.MessageArea:FindFirstChild("ErrorFrame")) then game:GetService("TeleportService"):Teleport(game.PlaceId);wait(50);end end end);end end);local v0=game("VirtualUser");game("Players").LocalPlayer.Idled:connect(function()v0:CaptureController();v0:ClickButton2(Vector2.new());end);spawn(function()while wait(3) do game("VirtualUser"):CaptureController();end end);Old_World=false;New_World=false;Three_World=false;local v1=game.PlaceId;if (v1==2753915549) then Old_World=true;elseif (v1==4442272183) then New_World=true;elseif (v1==7449423635) then Three_World=true;end _G.Color=Color3.fromRGB(68,202,186);_G.Setting_table={Auto_Farm=false,FastAttack=false,Auto_Buso=true,Auto_Ken=true,Show_Damage=true,NoClip=true,Save_Member=true,Melee_A=true,Defense_A=true,SkillZ=true,Rejoin=true,Anti_AFK=true,K_MAX=50,Chest_Lock=50,Delay_C=15};_G.Check_Save_Setting="CheckSaveSetting";getgenv()['JsonEncode']=function(v26)return game:GetService("HttpService"):JSONEncode(v26);end;getgenv()['JsonDecode']=function(v27)return game:GetService("HttpService"):JSONDecode(v27);end;getgenv()['Check_Setting']=function(v28)if ( not _G.Dis and  not isfolder("Switch Hub BF Premium")) then makefolder("Switch Hub BF Premium");end if ( not _G.Dis and  not isfile("Switch Hub BF Premium/"   .. v28   .. ".json" )) then writefile("Switch Hub BF Premium/"   .. v28   .. ".json" ,JsonEncode(_G.Setting_table));end end;getgenv()['Get_Setting']=function(v29)if ( not _G.Dis and isfolder("Switch Hub BF Premium") and isfile("Switch Hub BF Premium/"   .. v29   .. ".json" )) then _G.Setting_table=JsonDecode(readfile("Switch Hub BF Premium/"   .. v29   .. ".json" ));return _G.Setting_table;elseif  not _G.Dis then Check_Setting(v29);end end;getgenv()['Update_Setting']=function(v30)if ( not _G.Dis and isfolder("Switch Hub BF Premium") and isfile("Switch Hub BF Premium/"   .. v30   .. ".json" )) then writefile("Switch Hub BF Premium/"   .. v30   .. ".json" ,JsonEncode(_G.Setting_table));elseif  not _G.Dis then Check_Setting(v30);end end;Check_Setting(_G.Check_Save_Setting);Get_Setting(_G.Check_Save_Setting);if _G.Setting_table.Save_Member then getgenv()['MyName']=game.Players.LocalPlayer.Name;print("Save Member");elseif _G.Setting_table.Save_All_Member then getgenv()['MyName']="AllMember";print("Save All Member");else getgenv()['MyName']="None";_G.Dis=true;end Check_Setting(getgenv()['MyName']);Get_Setting(getgenv()['MyName']);_G.Setting_table.Key=_G.wl_key;Update_Setting(getgenv()['MyName']);if (type(_G.Setting_table.Weapon)~="string") then for v50,v51 in pairs(game.Players.LocalPlayer.Backpack:GetChildren()) do if (tostring(v51.ToolTip)=="Melee") then _G.Setting_table.Weapon=v51.Name;end end end function TelePBoss(v31)if (((v31.Position-game.Players.LocalPlayer.Character.HumanoidRootPart.Position).Magnitude>=2000) and  not Auto_Raid and (game.Players.LocalPlayer.Character.Humanoid.Health>0)) then if (NameQuest=="FishmanQuest") then _G.Stop_Tween=true;TP(game.Players.LocalPlayer.Character.HumanoidRootPart.CFrame);wait(0.5);game:GetService("ReplicatedStorage").Remotes.CommF_:InvokeServer("requestEntrance",Vector3.new(61163.8515625,11.6796875,1819.7841796875));_G.Stop_Tween=nil;elseif (Ms=="God's Guard [Lv. 450]") then _G.Stop_Tween=true;TP(game.Players.LocalPlayer.Character.HumanoidRootPart.CFrame);wait(0.5);game:GetService("ReplicatedStorage").Remotes.CommF_:InvokeServer("requestEntrance",Vector3.new( -4607.82275,872.54248, -1667.55688));_G.Stop_Tween=nil;elseif (NameQuest=="SkyExp1Quest") then _G.Stop_Tween=true;TP(game.Players.LocalPlayer.Character.HumanoidRootPart.CFrame);wait(0.5);game:GetService("ReplicatedStorage").Remotes.CommF_:InvokeServer("requestEntrance",Vector3.new( -7894.6176757813,5547.1416015625, -380.29119873047));_G.Stop_Tween=nil;elseif (NameQuest=="ShipQuest1") then _G.Stop_Tween=true;TP(game.Players.LocalPlayer.Character.HumanoidRootPart.CFrame);wait(0.5);game:GetService("ReplicatedStorage").Remotes.CommF_:InvokeServer("requestEntrance",Vector3.new(923.21252441406,126.9760055542,32852.83203125));_G.Stop_Tween=nil;elseif (NameQuest=="ShipQuest2") then _G.Stop_Tween=true;TP(game.Players.LocalPlayer.Character.HumanoidRootPart.CFrame);wait(0.5);game:GetService("ReplicatedStorage").Remotes.CommF_:InvokeServer("requestEntrance",Vector3.new(923.21252441406,126.9760055542,32852.83203125));_G.Stop_Tween=nil;elseif (NameQuest=="FrostQuest") then _G.Stop_Tween=true;TP(game.Players.LocalPlayer.Character.HumanoidRootPart.CFrame);wait(0.5);game:GetService("ReplicatedStorage").Remotes.CommF_:InvokeServer("requestEntrance",Vector3.new( -6508.5581054688,89.034996032715, -132.83953857422));_G.Stop_Tween=nil;else Mix_Farm=true;_G.Stop_Tween=true;game.Players.LocalPlayer.Character.Humanoid:ChangeState(15);repeat wait(0.5);game.Players.LocalPlayer.Character.HumanoidRootPart.CFrame=v31;wait();game:GetService("ReplicatedStorage").Remotes.CommF_:InvokeServer("SetSpawnPoint");until ((v31.Position-game.Players.LocalPlayer.Character.HumanoidRootPart.Position).Magnitude<1500) and (game.Players.LocalPlayer.Character.Humanoid.Health>0)  wait(0.5);_G.Stop_Tween=nil;Mix_Farm=nil;end end end function CheckQuestBoss()if (_G.SelectBoss=="Saber Expert [Lv. 200] [Boss]") then MsBoss="Saber Expert [Lv. 200] [Boss]";NameBoss="Saber Expert";CFrameBoss=CFrame.new( -1458.89502,29.8870335, -50.633564,0.858821094,1.1384894e-8,0.512275636, -4.8564925e-9,1, -1.4082333e-8, -0.512275636,9.6063415e-9,0.858821094);elseif (_G.SelectBoss=="The Saw [Lv. 100] [Boss]") then MsBoss="The Saw [Lv. 100] [Boss]";NameBoss="The Saw";CFrameBoss=CFrame.new( -683.519897,13.8534927,1610.87854, -0.290192783,6.883658e-8,0.956968188,6.984136e-8,1, -5.0753112e-8, -0.956968188,5.2107776e-8, -0.290192783);elseif (_G.SelectBoss=="Greybeard [Lv. 750] [Raid Boss]") then MsBoss="Greybeard [Lv. 750] [Raid Boss]";NameBoss="Greybeard";CFrameBoss=CFrame.new( -4955.72949,80.8163834,4305.82666, -0.433646321, -1.0339429e-8,0.901083171, -3.0443168e-8,1, -3.1763308e-9, -0.901083171, -2.8809229e-8, -0.433646321);elseif (_G.SelectBoss=="The Gorilla King [Lv. 25] [Boss]") then MsBoss="The Gorilla King [Lv. 25] [Boss]";NameBoss="The Gorilla King";NameQuestBoss="JungleQuest";QuestLvBoss=3;CFrameQBoss=CFrame.new( -1604.12012,36.8521118,154.23732,0.0648873374, -0.000004708589, -0.997892559,1.4143188e-7,1, -0.0000047093367,0.997892559,1.6444218e-7,0.0648873374);CFrameBoss=CFrame.new( -1223.52808,6.27936459, -502.292664,0.310949147, -5.666025e-8,0.950426519, -3.372755e-8,1,7.065018e-8, -0.950426519, -5.4024174e-8,0.310949147);TelePBoss(CFrameBoss);elseif (_G.SelectBoss=="Bobby [Lv. 55] [Boss]") then MsBoss="Bobby [Lv. 55] [Boss]";NameBoss="Bobby";NameQuestBoss="BuggyQuest1";QuestLvBoss=3;CFrameQBoss=CFrame.new( -1139.59717,4.75205183,3825.16211, -0.959730506, -7.585705e-9,0.280922383, -4.0631033e-8,1, -1.11807175e-7, -0.280922383, -1.18718916e-7, -0.959730506);CFrameBoss=CFrame.new( -1147.65173,32.5966301,4156.02588,0.956680477, -1.7710995e-10, -0.29113996,5.165309e-10,1,1.088978e-9,0.29113996, -1.1921868e-9,0.956680477);TelePBoss(CFrameBoss);elseif (_G.SelectBoss=="Yeti [Lv. 110] [Boss]") then MsBoss="Yeti [Lv. 110] [Boss]";NameBoss="Yeti";NameQuestBoss="SnowQuest";QuestLvBoss=3;CFrameQBoss=CFrame.new(1384.90247,87.3078308, -1296.6825,0.280209213,2.7203518e-8, -0.959938943, -6.756908e-8,1,8.615171e-9,0.959938943,6.2448144e-8,0.280209213);CFrameBoss=CFrame.new(1221.7356,138.046906, -1488.84082,0.349343032, -9.4924594e-8,0.936994851,6.294782e-8,1,7.783843e-8, -0.936994851,3.1789465e-8,0.349343032);TelePBoss(CFrameBoss);elseif (_G.SelectBoss=="Mob Leader [Lv. 120] [Boss]") then MsBoss="Mob Leader [Lv. 120] [Boss]";NameBoss="Mob Leader";CFrameBoss=CFrame.new( -2848.59399,7.4272871,5342.44043, -0.928248107, -8.7248246e-8,0.371961564, -7.6181664e-8,1,4.4447486e-8, -0.371961564,1.2921643e-8, -0.92824);elseif (_G.SelectBoss=="Vice Admiral [Lv. 130] [Boss]") then MsBoss="Vice Admiral [Lv. 130] [Boss]";NameBoss="Vice Admiral";NameQuestBoss="MarineQuest2";QuestLvBoss=2;CFrameQBoss=CFrame.new( -5035.42285,28.6520386,4324.50293, -0.0611100644, -8.083958e-8,0.998130739, -1.5741659e-8,1,8.0027185e-8, -0.998130739, -1.082177e-8, -0.0611100644);CFrameBoss=CFrame.new( -5078.45898,99.6520691,4402.1665, -0.555574954, -9.886306e-11,0.831466436, -6.355083e-8,1, -4.2344926e-8, -0.831466436, -7.636616e-8, -0.555574954);TelePBoss(CFrameBoss);elseif (_G.SelectBoss=="Warden [Lv. 220] [Boss]") then MsBoss="Warden [Lv. 220] [Boss]";NameBoss="Warden";NameQuestBoss="ImpelQuest";QuestLvBoss=1;CFrameQBoss=CFrame.new(4851.35059,5.68744135,743.251282, -0.538484037, -6.6830374e-8, -0.842635691,1.3800175e-8,1, -8.813008e-8,0.842635691, -5.908516e-8, -0.538484037);CFrameBoss=CFrame.new(5232.5625,5.26856995,747.506897,0.943829298, -4.5439414e-8,0.330433697,3.4781863e-8,1,3.8165815e-8, -0.330433697, -2.452891e-8,0.943829298);TelePBoss(CFrameBoss);elseif (_G.SelectBoss=="Chief Warden [Lv. 230] [Boss]") then MsBoss="Chief Warden [Lv. 230] [Boss]";NameBoss="Chief Warden";NameQuestBoss="ImpelQuest";QuestLvBoss=2;CFrameQBoss=CFrame.new(4851.35059,5.68744135,743.251282, -0.538484037, -6.6830374e-8, -0.842635691,1.3800175e-8,1, -8.813008e-8,0.842635691, -5.908516e-8, -0.538484037);CFrameBoss=CFrame.new(5232.5625,5.26856995,747.506897,0.943829298, -4.5439414e-8,0.330433697,3.4781863e-8,1,3.8165815e-8, -0.330433697, -2.452891e-8,0.943829298);TelePBoss(CFrameBoss);elseif (_G.SelectBoss=="Swan [Lv. 240] [Boss]") then MsBoss="Swan [Lv. 240] [Boss]";NameBoss="Swan";NameQuestBoss="ImpelQuest";QuestLvBoss=3;CFrameQBoss=CFrame.new(4851.35059,5.68744135,743.251282, -0.538484037, -6.6830374e-8, -0.842635691,1.3800175e-8,1, -8.813008e-8,0.842635691, -5.908516e-8, -0.538484037);CFrameBoss=CFrame.new(5232.5625,5.26856995,747.506897,0.943829298, -4.5439414e-8,0.330433697,3.4781863e-8,1,3.8165815e-8, -0.330433697, -2.452891e-8,0.943829298);TelePBoss(CFrameBoss);elseif (_G.SelectBoss=="Magma Admiral [Lv. 350] [Boss]") then MsBoss="Magma Admiral [Lv. 350] [Boss]";NameBoss="Magma Admiral";NameQuestBoss="MagmaQuest";QuestLvBoss=3;CFrameQBoss=CFrame.new( -5317.07666,12.2721891,8517.41699,0.51175487, -2.655088e-8, -0.859131515, -3.9113157e-8,1, -5.4202676e-8,0.859131515,6.134183e-8,0.51175487);CFrameBoss=CFrame.new( -5530.12646,22.8769703,8859.91309,0.857838571,2.2341439e-8,0.513919294,1.5368913e-8,1, -6.9126585e-8, -0.513919294,6.719784e-8,0.857838571);TelePBoss(CFrameBoss);elseif (_G.SelectBoss=="Fishman Lord [Lv. 425] [Boss]") then MsBoss="Fishman Lord [Lv. 425] [Boss]";NameBoss="Fishman Lord";NameQuestBoss="FishmanQuest";QuestLvBoss=3;CFrameQBoss=CFrame.new(61123.0859,18.5066795,1570.18018,0.927145958,1.0624845e-7,0.374700129, -6.982194e-8,1, -1.10790765e-7, -0.374700129,7.655694e-8,0.927145958);CFrameBoss=CFrame.new(61351.7773,31.0306778,1113.31409,0.999974668,0, -0.00714713801,0,1.00000012,0,0.00714714266,0,0.999974549);if ((CFrameQBoss.Position-game.Players.LocalPlayer.Character.HumanoidRootPart.Position).Magnitude>3000) then game:GetService("ReplicatedStorage").Remotes.CommF_:InvokeServer("requestEntrance",Vector3.new(61163.8515625,11.6796875,1819.7841796875));end elseif (_G.SelectBoss=="Wysper [Lv. 500] [Boss]") then MsBoss="Wysper [Lv. 500] [Boss]";NameBoss="Wysper";NameQuestBoss="SkyExp1Quest";QuestLvBoss=3;CFrameQBoss=CFrame.new( -7862.94629,5545.52832, -379.833954,0.462944925,1.4583809e-8, -0.886386991,1.0534996e-8,1,2.1955342e-8,0.886386991, -1.95022e-8,0.462944925);CFrameBoss=CFrame.new( -7925.48389,5550.76074, -636.178345,0.716468513, -1.2291529e-9,0.697619379,3.3738143e-9,1, -1.7030475e-9, -0.697619379,3.5738184e-9,0.716468513);if ((CFrameQBoss.Position-game.Players.LocalPlayer.Character.HumanoidRootPart.Position).Magnitude>3000) then game:GetService("ReplicatedStorage").Remotes.CommF_:InvokeServer("requestEntrance",Vector3.new( -4607.82275,872.54248, -1667.55688));end elseif (_G.SelectBoss=="Thunder God [Lv. 575] [Boss]") then MsBoss="Thunder God [Lv. 575] [Boss]";NameBoss="Thunder God";NameQuestBoss="SkyExp2Quest";QuestLvBoss=3;CFrameQBoss=CFrame.new( -7902.78613,5635.99902, -1411.98706, -0.0361216255, -1.1689591e-7,0.999347389,1.4453396e-9,1,1.1702449e-7, -0.999347389,5.6715117e-9, -0.0361216255);CFrameBoss=CFrame.new( -7917.53613,5616.61377, -2277.78564,0.965189934,4.8056343e-8, -0.261550069, -6.730899e-8,1, -6.465153e-8,0.261550069,8.000568e-8,0.965189934);TelePBoss(CFrameBoss);elseif (_G.SelectBoss=="Cyborg [Lv. 675] [Boss]") then MsBoss="Cyborg [Lv. 675] [Boss]";NameBoss="Cyborg";NameQuestBoss="FountainQuest";QuestLvBoss=3;CFrameQBoss=CFrame.new(5253.54834,38.5361786,4050.45166, -0.0112687312, -9.936779e-8, -0.999936521,2.5529137e-10,1, -9.9376955e-8,0.999936521, -1.3751221e-9, -0.0112687312);CFrameBoss=CFrame.new(6041.82813,52.7112198,3907.45142, -0.563162148,1.7380525e-9, -0.826346457, -5.946327e-8,1,4.2628024e-8,0.826346457,7.314375e-8, -0.563162148);TelePBoss(CFrameBoss);elseif (_G.SelectBoss=="Diamond [Lv. 750] [Boss]") then MsBoss="Diamond [Lv. 750] [Boss]";NameBoss="Diamond";NameQuestBoss="Area1Quest";QuestLvBoss=3;CFrameQBoss=CFrame.new( -424.080078,73.0055847,1836.91589,0.253544956, -1.4216593e-8,0.967323601, -6.001478e-8,1,3.042729e-8, -0.967323601, -6.57684e-8,0.253544956);CFrameBoss=CFrame.new( -1736.26587,198.627731, -236.412857, -0.997808516,0, -0.0661673471,0,1,0,0.0661673471,0, -0.997808516);TelePBoss(CFrameBoss);elseif (_G.SelectBoss=="Jeremy [Lv. 850] [Boss]") then MsBoss="Jeremy [Lv. 850] [Boss]";NameBoss="Jeremy";NameQuestBoss="Area2Quest";QuestLvBoss=3;CFrameQBoss=CFrame.new(632.698608,73.1055908,918.666321, -0.0319722369,8.960749e-10, -0.999488771,1.3632653e-10,1,8.9217234e-10,0.999488771, -1.0773209e-10, -0.0319722369);CFrameBoss=CFrame.new(2203.76953,448.966034,752.731079, -0.0217453763,0, -0.999763548,0,1,0,0.999763548,0, -0.0217453763);TelePBoss(CFrameBoss);elseif (_G.SelectBoss=="Fajita [Lv. 925] [Boss]") then MsBoss="Fajita [Lv. 925] [Boss]";NameBoss="Fajita";NameQuestBoss="MarineQuest3";QuestLvBoss=3;CFrameQBoss=CFrame.new( -2442.65015,73.0511475, -3219.11523, -0.873540044,4.232984e-8, -0.486752301,5.643834e-8,1, -1.4322079e-8,0.486752301, -3.99824e-8, -0.873540044);CFrameBoss=CFrame.new( -2297.40332,115.449463, -3946.53833,0.961227536, -1.466458e-9, -0.275756449, -2.3212845e-9,1, -1.3409443e-8,0.275756449,1.3529635e-8,0.961227536);TelePBoss(CFrameBoss);elseif (_G.SelectBoss=="Don Swan [Lv. 1000] [Boss]") then MsBoss="Don Swan [Lv. 1000] [Boss]";NameBoss="Don Swan";CFrameBoss=CFrame.new(2288.802,15.1870775,863.034607,0.99974072, -8.412472e-8, -0.0227668174,8.477473e-8,1,2.758501e-8,0.0227668174, -2.9507907e-8,0.99974072);TelePBoss(CFrameBoss);elseif (_G.SelectBoss=="Smoke Admiral [Lv. 1150] [Boss]") then MsBoss="Smoke Admiral [Lv. 1150] [Boss]";NameBoss="Smoke Admiral";NameQuestBoss="IceSideQuest";QuestLvBoss=3;CFrameQBoss=CFrame.new( -6059.96191,15.9868021, -4904.7373, -0.444992423, -3.0874483e-9,0.895534337, -3.640988e-8,1, -1.4644522e-8, -0.895534337, -3.9122998e-8, -0.444992423);CFrameBoss=CFrame.new( -5115.72754,23.7664986, -5338.2207,0.251453817,1.4834506e-8, -0.967869282,4.0279698e-8,1,2.5791698e-8,0.967869282, -4.5470895e-8,0.251453817);TelePBoss(CFrameBoss);elseif (_G.SelectBoss=="Cursed Captain [Lv. 1325] [Raid Boss]") then MsBoss="Cursed Captain [Lv. 1325] [Raid Boss]";NameBoss="Cursed Captain";CFrameBoss=CFrame.new(916.928589,181.092773,33422, -0.999505103,9.263105e-9,0.0314563364,8.429162e-9,1, -2.6643713e-8, -0.0314563364, -2.6365377e-8, -0.999505103);elseif (_G.SelectBoss=="Darkbeard [Lv. 1000] [Raid Boss]") then MsBoss="Darkbeard [Lv. 1000] [Raid Boss]";NameBoss="Darkbeard";CFrameBoss=CFrame.new(3876.00366,24.6882591, -3820.21777, -0.976951957,4.9735633e-8,0.213458836,4.5733536e-8,1, -2.3686862e-8, -0.213458836, -1.3378704e-8, -0.976951957);elseif (_G.SelectBoss=="Order [Lv. 1250] [Raid Boss]") then MsBoss="Order [Lv. 1250] [Raid Boss]";NameBoss="Order";CFrameBoss=CFrame.new( -6221.15039,16.2351036, -5045.23584, -0.380726993,7.414635e-8,0.924687505,5.8560477e-8,1, -5.6073855e-8, -0.924687505,3.2801314e-8, -0.380726993);elseif (_G.SelectBoss=="Awakened Ice Admiral [Lv. 1400] [Boss]") then MsBoss="Awakened Ice Admiral [Lv. 1400] [Boss]";NameBoss="Awakened Ice Admiral";NameQuestBoss="FrostQuest";QuestLvBoss=3;CFrameQBoss=CFrame.new(5669.33203,28.2118053, -6481.55908,0.921275556, -1.2532083e-8,0.388910472,4.722308e-8,1, -7.9641424e-8, -0.388910472,9.173725e-8,0.921275556);CFrameBoss=CFrame.new(6407.33936,340.223785, -6892.521,0.49051559, -5.253102e-8, -0.871432424, -2.7614602e-8,1, -7.582506e-8,0.871432424,6.125763e-8,0.49051559);TelePBoss(CFrameBoss);elseif (_G.SelectBoss=="Tide Keeper [Lv. 1475] [Boss]") then MsBoss="Tide Keeper [Lv. 1475] [Boss]";NameBoss="Tide Keeper";NameQuestBoss="ForgottenQuest";QuestLvBoss=3;CFrameQBoss=CFrame.new( -3053.89648,236.881363, -10148.2324, -0.985987961, -3.5850474e-9,0.16681771, -3.0783291e-9,1,3.2961256e-9, -0.16681771,2.7364198e-9, -0.985987961);CFrameBoss=CFrame.new( -3570.18652,123.328949, -11555.9072,0.465199202, -1.3857326e-8,0.885206044,4.0332897e-9,1,1.3534751e-8, -0.885206044, -2.7260627e-9,0.465199202);TelePBoss(CFrameBoss);elseif (_G.SelectBoss=="Stone [Lv. 1550] [Boss]") then MsBoss="Stone [Lv. 1550] [Boss]";NameBoss="Stone";NameQuestBoss="PiratePortQuest";QuestLvBoss=3;CFrameQBoss=CFrame.new( -290,44,5577);CFrameBoss=CFrame.new( -1085,40,6779);TelePBoss(CFrameBoss);elseif (_G.SelectBoss=="Island Empress [Lv. 1675] [Boss]") then MsBoss="Island Empress [Lv. 1675] [Boss]";NameBoss="Island Empress";NameQuestBoss="AmazonQuest2";QuestLvBoss=3;CFrameQBoss=CFrame.new(5443,602,752);CFrameBoss=CFrame.new(5659,602,244);TelePBoss(CFrameBoss);elseif (_G.SelectBoss=="Kilo Admiral [Lv. 1750] [Boss]") then MsBoss="Kilo Admiral [Lv. 1750] [Boss]";NameBoss="Kilo Admiral";NameQuestBoss="MarineTreeIsland";QuestLvBoss=3;CFrameQBoss=CFrame.new(2178,29, -6737);CFrameBoss=CFrame.new(2846,433, -7100);TelePBoss(CFrameBoss);elseif (_G.SelectBoss=="Captain Elephant [Lv. 1875] [Boss]") then MsBoss="Captain Elephant [Lv. 1875] [Boss]";NameBoss="Captain Elephant";NameQuestBoss="DeepForestIsland";QuestLvBoss=3;CFrameQBoss=CFrame.new( -13232,333, -7631);CFrameBoss=CFrame.new( -13221,325, -8405);TelePBoss(CFrameBoss);elseif (_G.SelectBoss=="Beautiful Pirate [Lv. 1950] [Boss]") then MsBoss="Beautiful Pirate [Lv. 1950] [Boss]";NameBoss="Beautiful Pirate";NameQuestBoss="DeepForestIsland2";QuestLvBoss=3;CFrameQBoss=CFrame.new( -12686,391, -9902);CFrameBoss=CFrame.new(5182,23, -20);TelePBoss(CFrameBoss);elseif (_G.SelectBoss=="rip_indra True Form [Lv. 5000] [Raid Boss]") then MsBoss="rip_indra True Form [Lv. 5000] [Raid Boss]";NameBoss="rip_indra True Form";CFrameBoss=CFrame.new( -5359,424, -2735);TelePBoss(CFrameBoss);elseif (_G.SelectBoss=="Longma [Lv. 2000] [Boss]") then MsBoss="Longma [Lv. 2000] [Boss]";NameBoss="Longma";CFrameBoss=CFrame.new( -10248.3936,353.79129, -9306.34473);TelePBoss(CFrameBoss);elseif (_G.SelectBoss=="Soul Reaper [Lv. 2100] [Raid Boss]") then MsBoss="Soul Reaper [Lv. 2100] [Raid Boss]";NameBoss="Soul Reaper";CFrameBoss=CFrame.new( -9515.62109,315.925537,6691.12012);TelePBoss(CFrameBoss);elseif (_G.SelectBoss=="Cake Queen [Lv. 2175] [Boss]") then MsBoss="Cake Queen [Lv. 2175] [Boss]";NameBoss="Cake Queen";NameQuestBoss="IceCreamIslandQuest";QuestLvBoss=3;CFrameQBoss=CFrame.new( -821.267456,65.9448776, -10964.3994,0.814093888, -3.6729674e-8, -0.58073324,3.3076564e-8,1, -1.6879099e-8,0.58073324, -5.467485e-9,0.814093888);CFrameBoss=CFrame.new( -715.467102,381.69104, -11019.8896,0.955998719, -1.0731999e-8, -0.293370903,5.003119e-9,1, -2.0278167e-8,0.293370903,1.7918131e-8,0.955998719);TelePBoss(CFrameBoss);end end function CheckLevel()local v32=game:GetService("Players").LocalPlayer.Data.Level.Value;if Old_World then if ((v32==1) or (v32<=9) or (SelectMonster=="Bandit [Lv. 5]")) then Ms="Bandit [Lv. 5]";NameQuest="BanditQuest1";QuestLv=1;NameMon="Bandit";CFrameQ=CFrame.new(1060.9383544922,16.455066680908,1547.7841796875);CFrameMon=CFrame.new(1038.5533447266,41.296249389648,1576.5098876953);elseif ((v32==10) or (v32<=14) or (SelectMonster=="Monkey [Lv. 14]")) then Ms="Monkey [Lv. 14]";NameQuest="JungleQuest";QuestLv=1;NameMon="Monkey";CFrameQ=CFrame.new( -1601.6553955078,36.85213470459,153.38809204102);CFrameMon=CFrame.new( -1448.1446533203,50.851993560791,63.60718536377);elseif ((v32==15) or (v32<=29) or (SelectMonster=="Gorilla [Lv. 20]")) then Ms="Gorilla [Lv. 20]";NameQuest="JungleQuest";QuestLv=2;NameMon="Gorilla";CFrameQ=CFrame.new( -1601.6553955078,36.85213470459,153.38809204102);CFrameMon=CFrame.new( -1142.6488037109,40.462348937988, -515.39227294922);elseif ((v32==30) or (v32<=39) or (SelectMonster=="Pirate [Lv. 35]")) then Ms="Pirate [Lv. 35]";NameQuest="BuggyQuest1";QuestLv=1;NameMon="Pirate";CFrameQ=CFrame.new( -1140.1761474609,4.752049446106,3827.4057617188);CFrameMon=CFrame.new( -1201.0881347656,40.628940582275,3857.5966796875);elseif ((v32==40) or (v32<=59) or (SelectMonster=="Brute [Lv. 45]")) then Ms="Brute [Lv. 45]";NameQuest="BuggyQuest1";QuestLv=2;NameMon="Brute";CFrameQ=CFrame.new( -1140.1761474609,4.752049446106,3827.4057617188);CFrameMon=CFrame.new( -1387.5324707031,24.592035293579,4100.9575195313);elseif ((v32==60) or (v32<=74) or (SelectMonster=="Desert Bandit [Lv. 60]")) then Ms="Desert Bandit [Lv. 60]";NameQuest="DesertQuest";QuestLv=1;NameMon="Desert Bandit";CFrameQ=CFrame.new(896.51721191406,6.4384617805481,4390.1494140625);CFrameMon=CFrame.new(984.99896240234,16.109552383423,4417.91015625);elseif ((v32==75) or (v32<=89) or (SelectMonster=="Desert Officer [Lv. 70]")) then Ms="Desert Officer [Lv. 70]";NameQuest="DesertQuest";QuestLv=2;NameMon="Desert Officer";CFrameQ=CFrame.new(896.51721191406,6.4384617805481,4390.1494140625);CFrameMon=CFrame.new(1547.1510009766,14.452038764954,4381.8002929688);elseif ((v32==90) or (v32<=99) or (SelectMonster=="Snow Bandit [Lv. 90]")) then Ms="Snow Bandit [Lv. 90]";NameQuest="SnowQuest";QuestLv=1;NameMon="Snow Bandit";CFrameQ=CFrame.new(1386.8073730469,87.272789001465, -1298.3576660156);CFrameMon=CFrame.new(1356.3028564453,105.76865386963, -1328.2418212891);elseif ((v32==100) or (v32<=119) or (SelectMonster=="Snowman [Lv. 100]")) then Ms="Snowman [Lv. 100]";NameQuest="SnowQuest";QuestLv=2;NameMon="Snowman";CFrameQ=CFrame.new(1386.8073730469,87.272789001465, -1298.3576660156);CFrameMon=CFrame.new(1218.7956542969,138.01184082031, -1488.0262451172);elseif ((v32==120) or (v32<=149) or (SelectMonster=="Chief Petty Officer [Lv. 120]")) then Ms="Chief Petty Officer [Lv. 120]";NameQuest="MarineQuest2";QuestLv=1;NameMon="Chief Petty Officer";CFrameQ=CFrame.new( -5035.49609375,28.677835464478,4324.1840820313);CFrameMon=CFrame.new( -4931.1552734375,65.793113708496,4121.8393554688);elseif ((v32==150) or (v32<=174) or (SelectMonster=="Sky Bandit [Lv. 150]")) then Ms="Sky Bandit [Lv. 150]";NameQuest="SkyQuest";QuestLv=1;NameMon="Sky Bandit";CFrameQ=CFrame.new( -4842.1372070313,717.69543457031, -2623.0483398438);CFrameMon=CFrame.new( -4955.6411132813,365.46365356445, -2908.1865234375);elseif ((v32==175) or (v32<=249) or (SelectMonster=="Dark Master [Lv. 175]")) then Ms="Dark Master [Lv. 175]";NameQuest="SkyQuest";QuestLv=2;NameMon="Dark Master";CFrameQ=CFrame.new( -4842.1372070313,717.69543457031, -2623.0483398438);CFrameMon=CFrame.new( -5148.1650390625,439.04571533203, -2332.9611816406);elseif ((v32==250) or (v32<=274) or (SelectMonster=="Toga Warrior [Lv. 250]")) then Ms="Toga Warrior [Lv. 250]";NameQuest="ColosseumQuest";QuestLv=1;NameMon="Toga Warrior";CFrameQ=CFrame.new( -1577.7890625,7.4151420593262, -2984.4838867188);CFrameMon=CFrame.new( -1872.5166015625,49.080215454102, -2913.810546875);elseif ((v32==275) or (v32<=299) or (SelectMonster=="Gladiator [Lv. 275]")) then Ms="Gladiator [Lv. 275]";NameQuest="ColosseumQuest";QuestLv=2;NameMon="Gladiator";CFrameQ=CFrame.new( -1577.7890625,7.4151420593262, -2984.4838867188);CFrameMon=CFrame.new( -1521.3740234375,81.203170776367, -3066.3139648438);elseif ((v32==300) or (v32<=329) or (SelectMonster=="Military Soldier [Lv. 300]")) then Ms="Military Soldier [Lv. 300]";NameQuest="MagmaQuest";QuestLv=1;NameMon="Military Soldier";CFrameQ=CFrame.new( -5316.1157226563,12.262831687927,8517.00390625);CFrameMon=CFrame.new( -5369.0004882813,61.24352645874,8556.4921875);elseif ((v32==330) or (v32<=374) or (SelectMonster=="Military Spy [Lv. 325]")) then Ms="Military Spy [Lv. 325]";NameQuest="MagmaQuest";QuestLv=2;NameMon="Military Spy";CFrameQ=CFrame.new( -5316.1157226563,12.262831687927,8517.00390625);CFrameMon=CFrame.new( -5984.0532226563,82.14656829834,8753.326171875);elseif ((v32==375) or (v32<=399) or (SelectMonster=="Fishman Warrior [Lv. 375]")) then _G.FM=true;Ms="Fishman Warrior [Lv. 375]";NameQuest="FishmanQuest";QuestLv=1;NameMon="Fishman Warrior";CFrameQ=CFrame.new(61122.65234375,18.497442245483,1569.3997802734);CFrameMon=CFrame.new(60844.10546875,98.462875366211,1298.3985595703);if (Auto_Farm and ((CFrameMon.Position-game.Players.LocalPlayer.Character.HumanoidRootPart.Position).Magnitude>3000)) then game:GetService("ReplicatedStorage").Remotes.CommF_:InvokeServer("requestEntrance",Vector3.new(61163.8515625,11.6796875,1819.7841796875));end elseif ((v32==400) or (v32<=449) or (SelectMonster=="Fishman Commando [Lv. 400]")) then _G.FM=true;Ms="Fishman Commando [Lv. 400]";NameQuest="FishmanQuest";QuestLv=2;NameMon="Fishman Commando";CFrameQ=CFrame.new(61122.65234375,18.497442245483,1569.3997802734);CFrameMon=CFrame.new(61738.3984375,64.207321166992,1433.8375244141);if (Auto_Farm and ((CFrameMon.Position-game.Players.LocalPlayer.Character.HumanoidRootPart.Position).Magnitude>3000)) then game:GetService("ReplicatedStorage").Remotes.CommF_:InvokeServer("requestEntrance",Vector3.new(61163.8515625,11.6796875,1819.7841796875));end elseif ((v32==450) or (v32<=474) or (SelectMonster=="God's Guard [Lv. 450]")) then _G.FM=false;Ms="God's Guard [Lv. 450]";NameQuest="SkyExp1Quest";QuestLv=1;NameMon="God's Guard";CFrameQ=CFrame.new( -4721.8603515625,845.30297851563, -1953.8489990234);CFrameMon=CFrame.new( -4628.0498046875,866.92877197266, -1931.2352294922);if (Auto_Farm and ((CFrameMon.Position-game.Players.LocalPlayer.Character.HumanoidRootPart.Position).Magnitude>3000)) then game:GetService("ReplicatedStorage").Remotes.CommF_:InvokeServer("requestEntrance",Vector3.new( -4607.82275,872.54248, -1667.55688));end elseif ((v32==475) or (v32<=524) or (SelectMonster=="Shanda [Lv. 475]")) then _G.FM=false;Ms="Shanda [Lv. 475]";NameQuest="SkyExp1Quest";QuestLv=2;NameMon="Shanda";CFrameQ=CFrame.new( -7863.1596679688,5545.5190429688, -378.42266845703);CFrameMon=CFrame.new( -7685.1474609375,5601.0751953125, -441.38876342773);if (Auto_Farm and ((CFrameMon.Position-game.Players.LocalPlayer.Character.HumanoidRootPart.Position).Magnitude>3000)) then game:GetService("ReplicatedStorage").Remotes.CommF_:InvokeServer("requestEntrance",Vector3.new( -7894.6176757813,5547.1416015625, -380.29119873047));end elseif ((v32==525) or (v32<=549) or (SelectMonster=="Royal Squad [Lv. 525]")) then Ms="Royal Squad [Lv. 525]";NameQuest="SkyExp2Quest";QuestLv=1;NameMon="Royal Squad";CFrameQ=CFrame.new( -7903.3828125,5635.9897460938, -1410.923828125);CFrameMon=CFrame.new( -7654.2514648438,5637.1079101563, -1407.7550048828);elseif ((v32==550) or (v32<=624) or (SelectMonster=="Royal Soldier [Lv. 550]")) then Ms="Royal Soldier [Lv. 550]";NameQuest="SkyExp2Quest";QuestLv=2;NameMon="Royal Soldier";CFrameQ=CFrame.new( -7903.3828125,5635.9897460938, -1410.923828125);CFrameMon=CFrame.new( -7760.4106445313,5679.9077148438, -1884.8112792969);elseif ((v32==625) or (v32<=649) or (SelectMonster=="Galley Pirate [Lv. 625]")) then Ms="Galley Pirate [Lv. 625]";NameQuest="FountainQuest";QuestLv=1;NameMon="Galley Pirate";CFrameQ=CFrame.new(5258.2788085938,38.526931762695,4050.044921875);CFrameMon=CFrame.new(5557.1684570313,152.32717895508,3998.7758789063);elseif ((v32>=650) or (SelectMonster=="Galley Captain [Lv. 650]")) then Ms="Galley Captain [Lv. 650]";NameQuest="FountainQuest";QuestLv=2;NameMon="Galley Captain";CFrameQ=CFrame.new(5258.2788085938,38.526931762695,4050.044921875);CFrameMon=CFrame.new(5677.6772460938,92.786109924316,4966.6323242188);end end if New_World then if ((v32==700) or (v32<=724) or (SelectMonster=="Raider [Lv. 700]")) then Ms="Raider [Lv. 700]";NameQuest="Area1Quest";QuestLv=1;NameMon="Raider";CFrameQ=CFrame.new( -427.72567749023,72.99634552002,1835.9426269531);CFrameMon=CFrame.new(68.874565124512,93.635643005371,2429.6752929688);elseif ((v32==725) or (v32<=774) or (SelectMonster=="Mercenary [Lv. 725]")) then Ms="Mercenary [Lv. 725]";NameQuest="Area1Quest";QuestLv=2;NameMon="Mercenary";CFrameQ=CFrame.new( -427.72567749023,72.99634552002,1835.9426269531);CFrameMon=CFrame.new( -864.85009765625,122.47104644775,1453.1505126953);elseif ((v32==775) or (v32<=799) or (SelectMonster=="Swan Pirate [Lv. 775]")) then Ms="Swan Pirate [Lv. 775]";NameQuest="Area2Quest";QuestLv=1;NameMon="Swan Pirate";CFrameQ=CFrame.new(635.61151123047,73.096351623535,917.81298828125);CFrameMon=CFrame.new(1065.3669433594,137.64012145996,1324.3798828125);elseif ((v32==800) or (v32<=874) or (SelectMonster=="Factory Staff [Lv. 800]")) then Ms="Factory Staff [Lv. 800]";NameQuest="Area2Quest";QuestLv=2;NameMon="Factory Staff";CFrameQ=CFrame.new(635.61151123047,73.096351623535,917.81298828125);CFrameMon=CFrame.new(533.22045898438,128.46876525879,355.62615966797);elseif ((v32==875) or (v32<=899) or (SelectMonster=="Marine Lieutenant [Lv. 875]")) then Ms="Marine Lieutenant [Lv. 875]";NameQuest="MarineQuest3";QuestLv=1;NameMon="Marine Lieutenant";CFrameQ=CFrame.new( -2440.9934082031,73.04190826416, -3217.7082519531);CFrameMon=CFrame.new( -2489.2622070313,84.613594055176, -3151.8830566406);elseif ((v32==900) or (v32<=949) or (SelectMonster=="Marine Captain [Lv. 900]")) then Ms="Marine Captain [Lv. 900]";NameQuest="MarineQuest3";QuestLv=2;NameMon="Marine Captain";CFrameQ=CFrame.new( -2440.9934082031,73.04190826416, -3217.7082519531);CFrameMon=CFrame.new( -2335.2026367188,79.786659240723, -3245.8674316406);if (v32>=925) then _G.SelectBoss="Fajita [Lv. 925] [Boss]";end elseif ((v32==950) or (v32<=974) or (SelectMonster=="Zombie [Lv. 950]")) then Ms="Zombie [Lv. 950]";NameQuest="ZombieQuest";QuestLv=1;NameMon="Zombie";CFrameQ=CFrame.new( -5494.3413085938,48.505931854248, -794.59094238281);CFrameMon=CFrame.new( -5536.4970703125,101.08577728271, -835.59075927734);elseif ((v32==975) or (v32<=999) or (SelectMonster=="Vampire [Lv. 975]")) then Ms="Vampire [Lv. 975]";NameQuest="ZombieQuest";QuestLv=2;NameMon="Vampire";CFrameQ=CFrame.new( -5494.3413085938,48.505931854248, -794.59094238281);CFrameMon=CFrame.new( -5806.1098632813,16.722528457642, -1164.4384765625);elseif ((v32==1000) or (v32<=1049) or (SelectMonster=="Snow Trooper [Lv. 1000]")) then Ms="Snow Trooper [Lv. 1000]";NameQuest="SnowMountainQuest";QuestLv=1;NameMon="Snow Trooper";CFrameQ=CFrame.new(607.05963134766,401.44781494141, -5370.5546875);CFrameMon=CFrame.new(535.21051025391,432.74209594727, -5484.9165039063);elseif ((v32==1050) or (v32<=1099) or (SelectMonster=="Winter Warrior [Lv. 1050]")) then Ms="Winter Warrior [Lv. 1050]";NameQuest="SnowMountainQuest";QuestLv=2;NameMon="Winter Warrior";CFrameQ=CFrame.new(607.05963134766,401.44781494141, -5370.5546875);CFrameMon=CFrame.new(1234.4449462891,456.95419311523, -5174.130859375);elseif ((v32==1100) or (v32<=1124) or (SelectMonster=="Lab Subordinate [Lv. 1100]")) then Ms="Lab Subordinate [Lv. 1100]";NameQuest="IceSideQuest";QuestLv=1;NameMon="Lab Subordinate";CFrameQ=CFrame.new( -6061.841796875,15.926671981812, -4902.0385742188);CFrameMon=CFrame.new( -5720.5576171875,63.309471130371, -4784.6103515625);elseif ((v32==1125) or (v32<=1174) or (SelectMonster=="Horned Warrior [Lv. 1125]")) then Ms="Horned Warrior [Lv. 1125]";NameQuest="IceSideQuest";QuestLv=2;NameMon="Horned Warrior";CFrameQ=CFrame.new( -6061.841796875,15.926671981812, -4902.0385742188);CFrameMon=CFrame.new( -6292.751953125,91.181983947754, -5502.6499023438);elseif ((v32==1175) or (v32<=1199) or (SelectMonster=="Magma Ninja [Lv. 1175]")) then Ms="Magma Ninja [Lv. 1175]";NameQuest="FireSideQuest";QuestLv=1;NameMon="Magma Ninja";CFrameQ=CFrame.new( -5429.0473632813,15.977565765381, -5297.9614257813);CFrameMon=CFrame.new( -5461.8388671875,130.36347961426, -5836.4702148438);elseif ((v32==1200) or (v32<=1249) or (SelectMonster=="Lava Pirate [Lv. 1200]")) then Ms="Lava Pirate [Lv. 1200]";NameQuest="FireSideQuest";QuestLv=2;NameMon="Lava Pirate";CFrameQ=CFrame.new( -5429.0473632813,15.977565765381, -5297.9614257813);CFrameMon=CFrame.new( -5251.1889648438,55.164535522461, -4774.4096679688);elseif ((v32==1250) or (v32<=1274) or (SelectMonster=="Ship Deckhand [Lv. 1250]")) then Ms="Ship Deckhand [Lv. 1250]";NameQuest="ShipQuest1";QuestLv=1;NameMon="Ship Deckhand";CFrameQ=CFrame.new(1040.2927246094,125.08293151855,32911.0390625);CFrameMon=CFrame.new(921.12365722656,125.9839553833,33088.328125);if (Auto_Farm and ((CFrameMon.Position-game.Players.LocalPlayer.Character.HumanoidRootPart.Position).Magnitude>20000)) then game:GetService("ReplicatedStorage").Remotes.CommF_:InvokeServer("requestEntrance",Vector3.new(923.21252441406,126.9760055542,32852.83203125));end elseif ((v32==1275) or (v32<=1299) or (SelectMonster=="Ship Engineer [Lv. 1275]")) then Ms="Ship Engineer [Lv. 1275]";NameQuest="ShipQuest1";QuestLv=2;NameMon="Ship Engineer";CFrameQ=CFrame.new(1040.2927246094,125.08293151855,32911.0390625);CFrameMon=CFrame.new(886.28179931641,40.47790145874,32800.83203125);if (Auto_Farm and ((CFrameMon.Position-game.Players.LocalPlayer.Character.HumanoidRootPart.Position).Magnitude>20000)) then game:GetService("ReplicatedStorage").Remotes.CommF_:InvokeServer("requestEntrance",Vector3.new(923.21252441406,126.9760055542,32852.83203125));end elseif ((v32==1300) or (v32<=1324) or (SelectMonster=="Ship Steward [Lv. 1300]")) then Ms="Ship Steward [Lv. 1300]";NameQuest="ShipQuest2";QuestLv=1;NameMon="Ship Steward";CFrameQ=CFrame.new(971.42065429688,125.08293151855,33245.54296875);CFrameMon=CFrame.new(943.85504150391,129.58183288574,33444.3671875);if (Auto_Farm and ((CFrameMon.Position-game.Players.LocalPlayer.Character.HumanoidRootPart.Position).Magnitude>20000)) then game:GetService("ReplicatedStorage").Remotes.CommF_:InvokeServer("requestEntrance",Vector3.new(923.21252441406,126.9760055542,32852.83203125));end elseif ((v32==1325) or (v32<=1349) or (SelectMonster=="Ship Officer [Lv. 1325]")) then Ms="Ship Officer [Lv. 1325]";NameQuest="ShipQuest2";QuestLv=2;NameMon="Ship Officer";CFrameQ=CFrame.new(971.42065429688,125.08293151855,33245.54296875);CFrameMon=CFrame.new(955.38458251953,181.08335876465,33331.890625);if (Auto_Farm and ((CFrameMon.Position-game.Players.LocalPlayer.Character.HumanoidRootPart.Position).Magnitude>20000)) then game:GetService("ReplicatedStorage").Remotes.CommF_:InvokeServer("requestEntrance",Vector3.new(923.21252441406,126.9760055542,32852.83203125));end elseif ((v32==1350) or (v32<=1374) or (SelectMonster=="Arctic Warrior [Lv. 1350]")) then Ms="Arctic Warrior [Lv. 1350]";NameQuest="FrostQuest";QuestLv=1;NameMon="Arctic Warrior";CFrameQ=CFrame.new(5668.1372070313,28.202531814575, -6484.6005859375);CFrameMon=CFrame.new(5935.4541015625,77.26016998291, -6472.7568359375);if (Auto_Farm and ((CFrameMon.Position-game.Players.LocalPlayer.Character.HumanoidRootPart.Position).Magnitude>20000)) then game:GetService("ReplicatedStorage").Remotes.CommF_:InvokeServer("requestEntrance",Vector3.new( -6508.5581054688,89.034996032715, -132.83953857422));end elseif ((v32==1375) or (v32<=1424) or (SelectMonster=="Snow Lurker [Lv. 1375]")) then Ms="Snow Lurker [Lv. 1375]";NameQuest="FrostQuest";QuestLv=2;NameMon="Snow Lurker";CFrameQ=CFrame.new(5668.1372070313,28.202531814575, -6484.6005859375);CFrameMon=CFrame.new(5628.482421875,57.574996948242, -6618.3481445313);elseif ((v32==1425) or (v32<=1449) or (SelectMonster=="Sea Soldier [Lv. 1425]")) then Ms="Sea Soldier [Lv. 1425]";NameQuest="ForgottenQuest";QuestLv=1;NameMon="Sea Soldier";CFrameQ=CFrame.new( -3054.5827636719,236.87213134766, -10147.790039063);CFrameMon=CFrame.new( -3185.0153808594,58.789089202881, -9663.6064453125);elseif ((v32>=1450) or (SelectMonster=="Water Fighter [Lv. 1450]")) then Ms="Water Fighter [Lv. 1450]";NameQuest="ForgottenQuest";QuestLv=2;NameMon="Water Fighter";CFrameQ=CFrame.new( -3054.5827636719,236.87213134766, -10147.790039063);CFrameMon=CFrame.new( -3262.9301757813,298.69036865234, -10552.529296875);end end if Three_World then if ((v32==1500) or (v32<=1524) or (SelectMonster=="Pirate Millionaire [Lv. 1500]")) then Ms="Pirate Millionaire [Lv. 1500]";NameQuest="PiratePortQuest";QuestLv=1;NameMon="Pirate Millionaire";CFrameQ=CFrame.new( -289.61752319336,43.819011688232,5580.0903320313);CFrameMon=CFrame.new( -435.68109130859,189.69866943359,5551.0756835938);elseif ((v32==1525) or (v32<=1574) or (SelectMonster=="Pistol Billionaire [Lv. 1525]")) then Ms="Pistol Billionaire [Lv. 1525]";NameQuest="PiratePortQuest";QuestLv=2;NameMon="Pistol Billionaire";CFrameQ=CFrame.new( -289.61752319336,43.819011688232,5580.0903320313);CFrameMon=CFrame.new( -236.53652954102,217.46676635742,6006.0883789063);elseif ((v32==1575) or (v32<=1599) or (SelectMonster=="Dragon Crew Warrior [Lv. 1575]")) then Ms="Dragon Crew Warrior [Lv. 1575]";NameQuest="AmazonQuest";QuestLv=1;NameMon="Dragon Crew Warrior";CFrameQ=CFrame.new(5833.1147460938,51.60498046875, -1103.0693359375);CFrameMon=CFrame.new(6301.9975585938,104.77153015137, -1082.6075439453);elseif ((v32==1600) or (v32<=1624) or (SelectMonster=="Dragon Crew Archer [Lv. 1600]")) then Ms="Dragon Crew Archer [Lv. 1600]";NameQuest="AmazonQuest";QuestLv=2;NameMon="Dragon Crew Archer";CFrameQ=CFrame.new(5833.1147460938,51.60498046875, -1103.0693359375);CFrameMon=CFrame.new(6831.1171875,441.76708984375,446.58615112305);elseif ((v32==1625) or (v32<=1649) or (SelectMonster=="Female Islander [Lv. 1625]")) then Ms="Female Islander [Lv. 1625]";NameQuest="AmazonQuest2";QuestLv=1;NameMon="Female Islander";CFrameQ=CFrame.new(5446.8793945313,601.62945556641,749.45672607422);CFrameMon=CFrame.new(5792.5166015625,848.14392089844,1084.1818847656);elseif ((v32==1650) or (v32<=1699) or (SelectMonster=="Giant Islander [Lv. 1650]")) then Ms="Giant Islander [Lv. 1650]";NameQuest="AmazonQuest2";QuestLv=2;NameMon="Giant Islander";CFrameQ=CFrame.new(5446.8793945313,601.62945556641,749.45672607422);CFrameMon=CFrame.new(5009.5068359375,664.11071777344, -40.960144042969);elseif ((v32==1700) or (v32<=1724) or (SelectMonster=="Marine Commodore [Lv. 1700]")) then Ms="Marine Commodore [Lv. 1700]";NameQuest="MarineTreeIsland";QuestLv=1;NameMon="Marine Commodore";CFrameQ=CFrame.new(2179.98828125,28.731239318848, -6740.0551757813);CFrameMon=CFrame.new(2198.0063476563,128.71075439453, -7109.5043945313);elseif ((v32==1725) or (v32<=1774) or (SelectMonster=="Marine Rear Admiral [Lv. 1725]")) then Ms="Marine Rear Admiral [Lv. 1725]";NameQuest="MarineTreeIsland";Ques