if not game:IsLoaded() then 
    repeat game.Loaded:Wait()
    until game:IsLoaded() 
end
repeat wait(1)
    pcall(function()
        if game:GetService("Players").LocalPlayer.PlayerGui.Main:FindFirstChild("ChooseTeam") then
            if game:GetService("Players").LocalPlayer.PlayerGui.Main.ChooseTeam.Visible == true then
                if _G.Team == "Marines" then
                    for i,v in pairs(getconnections(game:GetService("Players").LocalPlayer.PlayerGui.Main.ChooseTeam.Container.Marines.Frame.ViewportFrame.TextButton.MouseButton1Click)) do
                        v.Function()
                    end
                else
                    for i,v in pairs(getconnections(game:GetService("Players").LocalPlayer.PlayerGui.Main.ChooseTeam.Container.Pirates.Frame.ViewportFrame.TextButton.MouseButton1Click)) do
                        v.Function()
                    end
                end
            end
        end
    end)
until game.Players.localPlayer.Neutral == false
if _G.Fast_Delay == nil then
	_G.Fast_Delay = 0.3
end
spawn(function()
    while true do wait()
        getgenv().rejoin = game:GetService("CoreGui").RobloxPromptGui.promptOverlay.ChildAdded:Connect(function(Kick)
            if not _G.TP_Ser and _G.Rejoin then
                if Kick.Name == 'ErrorPrompt' and Kick:FindFirstChild('MessageArea') and Kick.MessageArea:FindFirstChild("ErrorFrame") then
                    game:GetService("TeleportService"):Teleport(game.PlaceId)
                    wait(50)
                end
            end
        end)
    end
end)

local VirtualUser=game:service'VirtualUser'
game:service'Players'.LocalPlayer.Idled:connect(function()
	VirtualUser:CaptureController()
	VirtualUser:ClickButton2(Vector2.new())
end)

spawn(function()
	while wait(3) do
		game:GetService'VirtualUser':CaptureController()
	end
end)

Old_World = false
New_World = false
Three_World = false
local placeId = game.PlaceId
if placeId == 2753915549 then
    Old_World = true
elseif placeId == 4442272183 then
    New_World = true
elseif placeId == 7449423635 then
    Three_World = true
end
_G.Color = Color3.fromRGB(68, 202, 186)

_G.Setting_table = {
    Auto_Farm = false,
    FastAttack = false,
	Auto_Buso = true,
	Auto_Ken = true,
	Show_Damage = true,
	NoClip = true,
	Save_Member = true,
	Melee_A = true,
	Defense_A = true,
	SkillZ = true,
	Rejoin = true,
	Anti_AFK = true,
	K_MAX = 50,
	Chest_Lock = 50,
	Delay_C = 15
}

_G.Check_Save_Setting = "CheckSaveSetting"

getgenv()['JsonEncode'] = function(msg)
    return game:GetService("HttpService"):JSONEncode(msg)
end
getgenv()['JsonDecode'] = function(msg)
    return game:GetService("HttpService"):JSONDecode(msg)
end
getgenv()['Check_Setting'] = function(Name)
    if not _G.Dis and not isfolder('Switch Hub BF Premium') then
        makefolder('Switch Hub BF Premium')
    end
    if not _G.Dis and not isfile('Switch Hub BF Premium/'..Name..'.json') then
        writefile('Switch Hub BF Premium/'..Name..'.json',JsonEncode(_G.Setting_table))
    end
end
getgenv()['Get_Setting'] = function(Name)
    if not _G.Dis and isfolder('Switch Hub BF Premium') and isfile('Switch Hub BF Premium/'..Name..'.json') then
        _G.Setting_table = JsonDecode(readfile('Switch Hub BF Premium/'..Name..'.json'))
        return _G.Setting_table
	elseif not _G.Dis then
        Check_Setting(Name)
    end
end
getgenv()['Update_Setting'] = function(Name)
    if not _G.Dis and isfolder('Switch Hub BF Premium') and isfile('Switch Hub BF Premium/'..Name..'.json') then
        writefile('Switch Hub BF Premium/'..Name..'.json',JsonEncode(_G.Setting_table))
	elseif not _G.Dis then
        Check_Setting(Name)
    end
end

Check_Setting(_G.Check_Save_Setting)
Get_Setting(_G.Check_Save_Setting)

if _G.Setting_table.Save_Member then
	getgenv()['MyName'] = game.Players.LocalPlayer.Name
	print("Save Member")
elseif _G.Setting_table.Save_All_Member then
	getgenv()['MyName'] = "AllMember"
	print("Save All Member")
else
	getgenv()['MyName'] = "None"
	_G.Dis = true
end

Check_Setting(getgenv()['MyName'])
Get_Setting(getgenv()['MyName'])

_G.Setting_table.Key = _G.wl_key
Update_Setting(getgenv()['MyName'])

if type(_G.Setting_table.Weapon) ~= 'string' then
	for i2,v2 in pairs(game.Players.LocalPlayer.Backpack:GetChildren()) do  
		if tostring(v2.ToolTip) == "Melee" then
			_G.Setting_table.Weapon = v2.Name
		end
	end
end


function TelePBoss(p)
	if (p.Position-game.Players.LocalPlayer.Character.HumanoidRootPart.Position).Magnitude >= 2000 and not Auto_Raid and game.Players.LocalPlayer.Character.Humanoid.Health > 0 then
		if NameQuest == "FishmanQuest" then
			_G.Stop_Tween = true
			TP(game.Players.LocalPlayer.Character.HumanoidRootPart.CFrame)
			wait(.5)
			game:GetService("ReplicatedStorage").Remotes.CommF_:InvokeServer("requestEntrance",Vector3.new(61163.8515625, 11.6796875, 1819.7841796875))
			_G.Stop_Tween = nil
		elseif Ms == "God's Guard [Lv. 450]"  then
			_G.Stop_Tween = true
			TP(game.Players.LocalPlayer.Character.HumanoidRootPart.CFrame)
			wait(.5)
			game:GetService("ReplicatedStorage").Remotes.CommF_:InvokeServer("requestEntrance",Vector3.new(-4607.82275, 872.54248, -1667.55688))
			_G.Stop_Tween = nil
		elseif NameQuest == "SkyExp1Quest" then
			_G.Stop_Tween = true
			TP(game.Players.LocalPlayer.Character.HumanoidRootPart.CFrame)
			wait(.5)
			game:GetService("ReplicatedStorage").Remotes.CommF_:InvokeServer("requestEntrance",Vector3.new(-7894.6176757813, 5547.1416015625, -380.29119873047))
			_G.Stop_Tween = nil
		elseif NameQuest == "ShipQuest1" then
			_G.Stop_Tween = true
			TP(game.Players.LocalPlayer.Character.HumanoidRootPart.CFrame)
			wait(.5)
			game:GetService("ReplicatedStorage").Remotes.CommF_:InvokeServer("requestEntrance",Vector3.new(923.21252441406, 126.9760055542, 32852.83203125))
			_G.Stop_Tween = nil
		elseif NameQuest == "ShipQuest2" then
			_G.Stop_Tween = true
			TP(game.Players.LocalPlayer.Character.HumanoidRootPart.CFrame)
			wait(.5)
			game:GetService("ReplicatedStorage").Remotes.CommF_:InvokeServer("requestEntrance",Vector3.new(923.21252441406, 126.9760055542, 32852.83203125))
			_G.Stop_Tween = nil
		elseif NameQuest == "FrostQuest" then
			_G.Stop_Tween = true
			TP(game.Players.LocalPlayer.Character.HumanoidRootPart.CFrame)
			wait(.5)
			game:GetService("ReplicatedStorage").Remotes.CommF_:InvokeServer("requestEntrance",Vector3.new(-6508.5581054688, 89.034996032715, -132.83953857422))
			_G.Stop_Tween = nil
		else
			Mix_Farm = true
			_G.Stop_Tween = true
			game.Players.LocalPlayer.Character.Humanoid:ChangeState(15)
			repeat wait(.5)
				game.Players.LocalPlayer.Character.HumanoidRootPart.CFrame = p
				wait()
				game:GetService("ReplicatedStorage").Remotes.CommF_:InvokeServer("SetSpawnPoint")
			until (p.Position-game.Players.LocalPlayer.Character.HumanoidRootPart.Position).Magnitude < 1500 and game.Players.LocalPlayer.Character.Humanoid.Health > 0
			wait(.5)
			_G.Stop_Tween = nil
			Mix_Farm = nil
		end
	end
end

function CheckQuestBoss()
	-- Old World
		if _G.SelectBoss == "Saber Expert [Lv. 200] [Boss]" then
			MsBoss = "Saber Expert [Lv. 200] [Boss]"
			NameBoss = "Saber Expert"
			CFrameBoss = CFrame.new(-1458.89502, 29.8870335, -50.633564, 0.858821094, 1.13848939e-08, 0.512275636, -4.85649254e-09, 1, -1.40823326e-08, -0.512275636, 9.6063415e-09, 0.858821094)
		elseif _G.SelectBoss == "The Saw [Lv. 100] [Boss]" then
			MsBoss = "The Saw [Lv. 100] [Boss]"
			NameBoss = "The Saw"
			CFrameBoss = CFrame.new(-683.519897, 13.8534927, 1610.87854, -0.290192783, 6.88365773e-08, 0.956968188, 6.98413629e-08, 1, -5.07531119e-08, -0.956968188, 5.21077759e-08, -0.290192783)
		elseif _G.SelectBoss == "Greybeard [Lv. 750] [Raid Boss]" then
			MsBoss = "Greybeard [Lv. 750] [Raid Boss]"
			NameBoss = "Greybeard"
			CFrameBoss = CFrame.new(-4955.72949, 80.8163834, 4305.82666, -0.433646321, -1.03394289e-08, 0.901083171, -3.0443168e-08, 1, -3.17633075e-09, -0.901083171, -2.88092288e-08, -0.433646321)
		elseif _G.SelectBoss == "The Gorilla King [Lv. 25] [Boss]" then
			MsBoss = "The Gorilla King [Lv. 25] [Boss]" 
			NameBoss = "The Gorilla King"
			NameQuestBoss = "JungleQuest"
			QuestLvBoss = 3
			CFrameQBoss = CFrame.new(-1604.12012, 36.8521118, 154.23732, 0.0648873374, -4.70858913e-06, -0.997892559, 1.41431883e-07, 1, -4.70933674e-06, 0.997892559, 1.64442184e-07, 0.0648873374)
			CFrameBoss = CFrame.new(-1223.52808, 6.27936459, -502.292664, 0.310949147, -5.66602516e-08, 0.950426519, -3.37275488e-08, 1, 7.06501808e-08, -0.950426519, -5.40241736e-08, 0.310949147)
			TelePBoss(CFrameBoss)
		elseif _G.SelectBoss == "Bobby [Lv. 55] [Boss]" then
			MsBoss = "Bobby [Lv. 55] [Boss]"
			NameBoss = "Bobby"
			NameQuestBoss = "BuggyQuest1"
			QuestLvBoss = 3
			CFrameQBoss = CFrame.new(-1139.59717, 4.75205183, 3825.16211, -0.959730506, -7.5857054e-09, 0.280922383, -4.06310328e-08, 1, -1.11807175e-07, -0.280922383, -1.18718916e-07, -0.959730506)
			CFrameBoss = CFrame.new(-1147.65173, 32.5966301, 4156.02588, 0.956680477, -1.77109952e-10, -0.29113996, 5.16530874e-10, 1, 1.08897802e-09, 0.29113996, -1.19218679e-09, 0.956680477)
			TelePBoss(CFrameBoss)
		elseif _G.SelectBoss == "Yeti [Lv. 110] [Boss]" then
			MsBoss = "Yeti [Lv. 110] [Boss]"
			NameBoss = "Yeti"
			NameQuestBoss = "SnowQuest"
			QuestLvBoss = 3
			CFrameQBoss = CFrame.new(1384.90247, 87.3078308, -1296.6825, 0.280209213, 2.72035177e-08, -0.959938943, -6.75690828e-08, 1, 8.6151708e-09, 0.959938943, 6.24481444e-08, 0.280209213)
			CFrameBoss = CFrame.new(1221.7356, 138.046906, -1488.84082, 0.349343032, -9.49245944e-08, 0.936994851, 6.29478194e-08, 1, 7.7838429e-08, -0.936994851, 3.17894653e-08, 0.349343032)
			TelePBoss(CFrameBoss)
		elseif _G.SelectBoss == "Mob Leader [Lv. 120] [Boss]" then
			MsBoss = "Mob Leader [Lv. 120] [Boss]"
			NameBoss = "Mob Leader"
			CFrameBoss = CFrame.new(-2848.59399, 7.4272871, 5342.44043, -0.928248107, -8.7248246e-08, 0.371961564, -7.61816636e-08, 1, 4.44474857e-08, -0.371961564, 1.29216433e-08, -0.92824)
		elseif _G.SelectBoss == "Vice Admiral [Lv. 130] [Boss]" then
			MsBoss = "Vice Admiral [Lv. 130] [Boss]"
			NameBoss = "Vice Admiral"
			NameQuestBoss = "MarineQuest2"
			QuestLvBoss = 2
			CFrameQBoss = CFrame.new(-5035.42285, 28.6520386, 4324.50293, -0.0611100644, -8.08395768e-08, 0.998130739, -1.57416586e-08, 1, 8.00271849e-08, -0.998130739, -1.08217701e-08, -0.0611100644)
			CFrameBoss = CFrame.new(-5078.45898, 99.6520691, 4402.1665, -0.555574954, -9.88630566e-11, 0.831466436, -6.35508286e-08, 1, -4.23449258e-08, -0.831466436, -7.63661632e-08, -0.555574954)
			TelePBoss(CFrameBoss)
		elseif _G.SelectBoss == "Warden [Lv. 220] [Boss]" then
			MsBoss = "Warden [Lv. 220] [Boss]"
			NameBoss = "Warden"
			NameQuestBoss = "ImpelQuest"
			QuestLvBoss = 1
			CFrameQBoss = CFrame.new(4851.35059, 5.68744135, 743.251282, -0.538484037, -6.68303741e-08, -0.842635691, 1.38001752e-08, 1, -8.81300792e-08, 0.842635691, -5.90851599e-08, -0.538484037)
			CFrameBoss = CFrame.new(5232.5625, 5.26856995, 747.506897, 0.943829298, -4.5439414e-08, 0.330433697, 3.47818627e-08, 1, 3.81658154e-08, -0.330433697, -2.45289105e-08, 0.943829298)
			TelePBoss(CFrameBoss)
		elseif _G.SelectBoss == "Chief Warden [Lv. 230] [Boss]" then
			MsBoss = "Chief Warden [Lv. 230] [Boss]"
			NameBoss = "Chief Warden"
			NameQuestBoss = "ImpelQuest"
			QuestLvBoss = 2
			CFrameQBoss = CFrame.new(4851.35059, 5.68744135, 743.251282, -0.538484037, -6.68303741e-08, -0.842635691, 1.38001752e-08, 1, -8.81300792e-08, 0.842635691, -5.90851599e-08, -0.538484037)
			CFrameBoss = CFrame.new(5232.5625, 5.26856995, 747.506897, 0.943829298, -4.5439414e-08, 0.330433697, 3.47818627e-08, 1, 3.81658154e-08, -0.330433697, -2.45289105e-08, 0.943829298)
			TelePBoss(CFrameBoss)
		elseif _G.SelectBoss == "Swan [Lv. 240] [Boss]" then
			MsBoss = "Swan [Lv. 240] [Boss]"
			NameBoss = "Swan"
			NameQuestBoss = "ImpelQuest"
			QuestLvBoss = 3
			CFrameQBoss = CFrame.new(4851.35059, 5.68744135, 743.251282, -0.538484037, -6.68303741e-08, -0.842635691, 1.38001752e-08, 1, -8.81300792e-08, 0.842635691, -5.90851599e-08, -0.538484037)
			CFrameBoss = CFrame.new(5232.5625, 5.26856995, 747.506897, 0.943829298, -4.5439414e-08, 0.330433697, 3.47818627e-08, 1, 3.81658154e-08, -0.330433697, -2.45289105e-08, 0.943829298)
			TelePBoss(CFrameBoss)
		elseif _G.SelectBoss == "Magma Admiral [Lv. 350] [Boss]" then
			MsBoss = "Magma Admiral [Lv. 350] [Boss]"
			NameBoss = "Magma Admiral"
			NameQuestBoss = "MagmaQuest"
			QuestLvBoss = 3
			CFrameQBoss = CFrame.new(-5317.07666, 12.2721891, 8517.41699, 0.51175487, -2.65508806e-08, -0.859131515, -3.91131572e-08, 1, -5.42026761e-08, 0.859131515, 6.13418294e-08, 0.51175487)
			CFrameBoss = CFrame.new(-5530.12646, 22.8769703, 8859.91309, 0.857838571, 2.23414389e-08, 0.513919294, 1.53689133e-08, 1, -6.91265853e-08, -0.513919294, 6.71978384e-08, 0.857838571)
			TelePBoss(CFrameBoss)
		elseif _G.SelectBoss == "Fishman Lord [Lv. 425] [Boss]" then
			MsBoss = "Fishman Lord [Lv. 425] [Boss]"
			NameBoss = "Fishman Lord"
			NameQuestBoss = "FishmanQuest"
			QuestLvBoss = 3
			CFrameQBoss = CFrame.new(61123.0859, 18.5066795, 1570.18018, 0.927145958, 1.0624845e-07, 0.374700129, -6.98219367e-08, 1, -1.10790765e-07, -0.374700129, 7.65569368e-08, 0.927145958)
			CFrameBoss = CFrame.new(61351.7773, 31.0306778, 1113.31409, 0.999974668, 0, -0.00714713801, 0, 1.00000012, 0, 0.00714714266, 0, 0.999974549)
			if (CFrameQBoss.Position - game.Players.LocalPlayer.Character.HumanoidRootPart.Position).Magnitude > 3000 then
				game:GetService("ReplicatedStorage").Remotes.CommF_:InvokeServer("requestEntrance",Vector3.new(61163.8515625, 11.6796875, 1819.7841796875))
			end
		elseif _G.SelectBoss == "Wysper [Lv. 500] [Boss]" then
			MsBoss = "Wysper [Lv. 500] [Boss]"
			NameBoss = "Wysper"
			NameQuestBoss = "SkyExp1Quest"
			QuestLvBoss = 3
			CFrameQBoss = CFrame.new(-7862.94629, 5545.52832, -379.833954, 0.462944925, 1.45838088e-08, -0.886386991, 1.0534996e-08, 1, 2.19553424e-08, 0.886386991, -1.95022007e-08, 0.462944925)
			CFrameBoss = CFrame.new(-7925.48389, 5550.76074, -636.178345, 0.716468513, -1.22915289e-09, 0.697619379, 3.37381434e-09, 1, -1.70304748e-09, -0.697619379, 3.57381835e-09, 0.716468513)
			if (CFrameQBoss.Position - game.Players.LocalPlayer.Character.HumanoidRootPart.Position).Magnitude > 3000 then
				game:GetService("ReplicatedStorage").Remotes.CommF_:InvokeServer("requestEntrance",Vector3.new(-4607.82275, 872.54248, -1667.55688))
			end
		elseif _G.SelectBoss == "Thunder God [Lv. 575] [Boss]" then
			MsBoss = "Thunder God [Lv. 575] [Boss]"
			NameBoss = "Thunder God"
			NameQuestBoss = "SkyExp2Quest"
			QuestLvBoss = 3
			CFrameQBoss = CFrame.new(-7902.78613, 5635.99902, -1411.98706, -0.0361216255, -1.16895912e-07, 0.999347389, 1.44533963e-09, 1, 1.17024491e-07, -0.999347389, 5.6715117e-09, -0.0361216255)
			CFrameBoss = CFrame.new(-7917.53613, 5616.61377, -2277.78564, 0.965189934, 4.80563429e-08, -0.261550069, -6.73089886e-08, 1, -6.46515304e-08, 0.261550069, 8.00056768e-08, 0.965189934)
			TelePBoss(CFrameBoss)
		elseif _G.SelectBoss == "Cyborg [Lv. 675] [Boss]" then
			MsBoss = "Cyborg [Lv. 675] [Boss]"
			NameBoss = "Cyborg"
			NameQuestBoss = "FountainQuest"
			QuestLvBoss = 3
			CFrameQBoss = CFrame.new(5253.54834, 38.5361786, 4050.45166, -0.0112687312, -9.93677887e-08, -0.999936521, 2.55291371e-10, 1, -9.93769547e-08, 0.999936521, -1.37512213e-09, -0.0112687312)
			CFrameBoss = CFrame.new(6041.82813, 52.7112198, 3907.45142, -0.563162148, 1.73805248e-09, -0.826346457, -5.94632716e-08, 1, 4.26280238e-08, 0.826346457, 7.31437524e-08, -0.563162148)
			TelePBoss(CFrameBoss)
		-- New World
		elseif _G.SelectBoss == "Diamond [Lv. 750] [Boss]" then
			MsBoss = "Diamond [Lv. 750] [Boss]"
			NameBoss = "Diamond"
			NameQuestBoss = "Area1Quest"
			QuestLvBoss = 3
			CFrameQBoss = CFrame.new(-424.080078, 73.0055847, 1836.91589, 0.253544956, -1.42165932e-08, 0.967323601, -6.00147771e-08, 1, 3.04272909e-08, -0.967323601, -6.5768397e-08, 0.253544956)
			CFrameBoss = CFrame.new(-1736.26587, 198.627731, -236.412857, -0.997808516, 0, -0.0661673471, 0, 1, 0, 0.0661673471, 0, -0.997808516)
			TelePBoss(CFrameBoss)
		elseif _G.SelectBoss == "Jeremy [Lv. 850] [Boss]" then
			MsBoss = "Jeremy [Lv. 850] [Boss]"
			NameBoss = "Jeremy"
			NameQuestBoss = "Area2Quest"
			QuestLvBoss = 3
			CFrameQBoss = CFrame.new(632.698608, 73.1055908, 918.666321, -0.0319722369, 8.96074881e-10, -0.999488771, 1.36326533e-10, 1, 8.92172336e-10, 0.999488771, -1.07732087e-10, -0.0319722369)
			CFrameBoss = CFrame.new(2203.76953, 448.966034, 752.731079, -0.0217453763, 0, -0.999763548, 0, 1, 0, 0.999763548, 0, -0.0217453763)
			TelePBoss(CFrameBoss)
		elseif _G.SelectBoss == "Fajita [Lv. 925] [Boss]" then
			MsBoss = "Fajita [Lv. 925] [Boss]"
			NameBoss = "Fajita"
			NameQuestBoss = "MarineQuest3"
			QuestLvBoss = 3
			CFrameQBoss = CFrame.new(-2442.65015, 73.0511475, -3219.11523, -0.873540044, 4.2329841e-08, -0.486752301, 5.64383384e-08, 1, -1.43220786e-08, 0.486752301, -3.99823996e-08, -0.873540044)
			CFrameBoss = CFrame.new(-2297.40332, 115.449463, -3946.53833, 0.961227536, -1.46645796e-09, -0.275756449, -2.3212845e-09, 1, -1.34094433e-08, 0.275756449, 1.35296352e-08, 0.961227536)
			TelePBoss(CFrameBoss)
		elseif _G.SelectBoss == "Don Swan [Lv. 1000] [Boss]" then
			MsBoss = "Don Swan [Lv. 1000] [Boss]"
			NameBoss = "Don Swan"
			CFrameBoss = CFrame.new(2288.802, 15.1870775, 863.034607, 0.99974072, -8.41247214e-08, -0.0227668174, 8.4774733e-08, 1, 2.75850098e-08, 0.0227668174, -2.95079072e-08, 0.99974072)
			TelePBoss(CFrameBoss)
		elseif _G.SelectBoss == "Smoke Admiral [Lv. 1150] [Boss]" then
			MsBoss = "Smoke Admiral [Lv. 1150] [Boss]"
			NameBoss = "Smoke Admiral"
			NameQuestBoss = "IceSideQuest"
			QuestLvBoss = 3
			CFrameQBoss = CFrame.new(-6059.96191, 15.9868021, -4904.7373, -0.444992423, -3.0874483e-09, 0.895534337, -3.64098796e-08, 1, -1.4644522e-08, -0.895534337, -3.91229982e-08, -0.444992423)
			CFrameBoss = CFrame.new(-5115.72754, 23.7664986, -5338.2207, 0.251453817, 1.48345061e-08, -0.967869282, 4.02796978e-08, 1, 2.57916977e-08, 0.967869282, -4.54708946e-08, 0.251453817)
			TelePBoss(CFrameBoss)
		elseif _G.SelectBoss == "Cursed Captain [Lv. 1325] [Raid Boss]" then
			MsBoss = "Cursed Captain [Lv. 1325] [Raid Boss]"
			NameBoss = "Cursed Captain"
			CFrameBoss = CFrame.new(916.928589, 181.092773, 33422, -0.999505103, 9.26310495e-09, 0.0314563364, 8.42916226e-09, 1, -2.6643713e-08, -0.0314563364, -2.63653774e-08, -0.999505103)
		elseif _G.SelectBoss == "Darkbeard [Lv. 1000] [Raid Boss]" then
			MsBoss = "Darkbeard [Lv. 1000] [Raid Boss]"
			NameBoss = "Darkbeard"
			CFrameBoss = CFrame.new(3876.00366, 24.6882591, -3820.21777, -0.976951957, 4.97356325e-08, 0.213458836, 4.57335361e-08, 1, -2.36868622e-08, -0.213458836, -1.33787044e-08, -0.976951957)
		elseif _G.SelectBoss == "Order [Lv. 1250] [Raid Boss]" then
			MsBoss = "Order [Lv. 1250] [Raid Boss]"
			NameBoss = "Order"
			CFrameBoss = CFrame.new(-6221.15039, 16.2351036, -5045.23584, -0.380726993, 7.41463495e-08, 0.924687505, 5.85604774e-08, 1, -5.60738549e-08, -0.924687505, 3.28013137e-08, -0.380726993)
		elseif _G.SelectBoss == "Awakened Ice Admiral [Lv. 1400] [Boss]" then
			MsBoss = "Awakened Ice Admiral [Lv. 1400] [Boss]"
			NameBoss = "Awakened Ice Admiral"
			NameQuestBoss = "FrostQuest"
			QuestLvBoss = 3
			CFrameQBoss = CFrame.new(5669.33203, 28.2118053, -6481.55908, 0.921275556, -1.25320829e-08, 0.388910472, 4.72230788e-08, 1, -7.96414241e-08, -0.388910472, 9.17372489e-08, 0.921275556)
			CFrameBoss = CFrame.new(6407.33936, 340.223785, -6892.521, 0.49051559, -5.25310213e-08, -0.871432424, -2.76146022e-08, 1, -7.58250565e-08, 0.871432424, 6.12576301e-08, 0.49051559)
			TelePBoss(CFrameBoss)
		elseif _G.SelectBoss == "Tide Keeper [Lv. 1475] [Boss]" then
			MsBoss = "Tide Keeper [Lv. 1475] [Boss]"
			NameBoss = "Tide Keeper"
			NameQuestBoss = "ForgottenQuest"             
			QuestLvBoss = 3
			CFrameQBoss = CFrame.new(-3053.89648, 236.881363, -10148.2324, -0.985987961, -3.58504737e-09, 0.16681771, -3.07832915e-09, 1, 3.29612559e-09, -0.16681771, 2.73641976e-09, -0.985987961)
			CFrameBoss = CFrame.new(-3570.18652, 123.328949, -11555.9072, 0.465199202, -1.3857326e-08, 0.885206044, 4.0332897e-09, 1, 1.35347511e-08, -0.885206044, -2.72606271e-09, 0.465199202)
			TelePBoss(CFrameBoss)
		-- Thire World
		elseif _G.SelectBoss == "Stone [Lv. 1550] [Boss]" then
			MsBoss = "Stone [Lv. 1550] [Boss]"
			NameBoss = "Stone"
			NameQuestBoss = "PiratePortQuest"             
			QuestLvBoss = 3
			CFrameQBoss = CFrame.new(-290, 44, 5577)
			CFrameBoss = CFrame.new(-1085, 40, 6779)
			TelePBoss(CFrameBoss)
		elseif _G.SelectBoss == "Island Empress [Lv. 1675] [Boss]" then
			MsBoss = "Island Empress [Lv. 1675] [Boss]"
			NameBoss = "Island Empress"
			NameQuestBoss = "AmazonQuest2"             
			QuestLvBoss = 3
			CFrameQBoss = CFrame.new(5443, 602, 752)
			CFrameBoss = CFrame.new(5659, 602, 244)
			TelePBoss(CFrameBoss)
		elseif _G.SelectBoss == "Kilo Admiral [Lv. 1750] [Boss]" then
			MsBoss = "Kilo Admiral [Lv. 1750] [Boss]"
			NameBoss = "Kilo Admiral"
			NameQuestBoss = "MarineTreeIsland"             
			QuestLvBoss = 3
			CFrameQBoss = CFrame.new(2178, 29, -6737)
			CFrameBoss =CFrame.new(2846, 433, -7100)
			TelePBoss(CFrameBoss)
		elseif _G.SelectBoss == "Captain Elephant [Lv. 1875] [Boss]" then
			MsBoss = "Captain Elephant [Lv. 1875] [Boss]"
			NameBoss = "Captain Elephant"
			NameQuestBoss = "DeepForestIsland"             
			QuestLvBoss = 3
			CFrameQBoss = CFrame.new(-13232, 333, -7631)
			CFrameBoss = CFrame.new(-13221, 325, -8405)
			TelePBoss(CFrameBoss)
		elseif _G.SelectBoss == "Beautiful Pirate [Lv. 1950] [Boss]" then
			MsBoss = "Beautiful Pirate [Lv. 1950] [Boss]"
			NameBoss = "Beautiful Pirate"
			NameQuestBoss = "DeepForestIsland2"             
			QuestLvBoss = 3
			CFrameQBoss = CFrame.new(-12686, 391, -9902)
			CFrameBoss = CFrame.new(5182, 23, -20)
			TelePBoss(CFrameBoss)
		elseif _G.SelectBoss == "rip_indra True Form [Lv. 5000] [Raid Boss]" then
			MsBoss = "rip_indra True Form [Lv. 5000] [Raid Boss]"
			NameBoss = "rip_indra True Form"
			CFrameBoss = CFrame.new(-5359, 424, -2735)
			TelePBoss(CFrameBoss)
		elseif _G.SelectBoss == "Longma [Lv. 2000] [Boss]" then
			MsBoss = "Longma [Lv. 2000] [Boss]"
			NameBoss = "Longma"
			CFrameBoss = CFrame.new(-10248.3936, 353.79129, -9306.34473)
			TelePBoss(CFrameBoss)
		elseif _G.SelectBoss == "Soul Reaper [Lv. 2100] [Raid Boss]" then
			MsBoss = "Soul Reaper [Lv. 2100] [Raid Boss]"
			NameBoss = "Soul Reaper"
			CFrameBoss = CFrame.new(-9515.62109, 315.925537, 6691.12012)
			TelePBoss(CFrameBoss)
		elseif _G.SelectBoss == "Cake Queen [Lv. 2175] [Boss]" then
			MsBoss = "Cake Queen [Lv. 2175] [Boss]"
			NameBoss = "Cake Queen"
			NameQuestBoss = "IceCreamIslandQuest"             
			QuestLvBoss = 3
			CFrameQBoss = CFrame.new(-821.267456, 65.9448776, -10964.3994, 0.814093888, -3.67296735e-08, -0.58073324, 3.30765637e-08, 1, -1.6879099e-08, 0.58073324, -5.46748513e-09, 0.814093888)
			CFrameBoss = CFrame.new(-715.467102, 381.69104, -11019.8896, 0.955998719, -1.07319993e-08, -0.293370903, 5.00311881e-09, 1, -2.02781667e-08, 0.293370903, 1.7918131e-08, 0.955998719)
			TelePBoss(CFrameBoss)
		end
	end

		function CheckLevel()
			local Lv = game:GetService("Players").LocalPlayer.Data.Level.Value
			if Old_World then
				if Lv == 1 or Lv <= 9 or SelectMonster == "Bandit [Lv. 5]" then -- Bandit
					Ms = "Bandit [Lv. 5]"
					NameQuest = "BanditQuest1"
					QuestLv = 1
					NameMon = "Bandit"
					CFrameQ = CFrame.new(1060.9383544922, 16.455066680908, 1547.7841796875)
					CFrameMon = CFrame.new(1038.5533447266, 41.296249389648, 1576.5098876953)
				elseif Lv == 10 or Lv <= 14 or SelectMonster == "Monkey [Lv. 14]" then -- Monkey
					Ms = "Monkey [Lv. 14]"
					NameQuest = "JungleQuest"
					QuestLv = 1
					NameMon = "Monkey"
					CFrameQ = CFrame.new(-1601.6553955078, 36.85213470459, 153.38809204102)
					CFrameMon = CFrame.new(-1448.1446533203, 50.851993560791, 63.60718536377)
				elseif Lv == 15 or Lv <= 29 or SelectMonster == "Gorilla [Lv. 20]" then -- Gorilla
					Ms = "Gorilla [Lv. 20]"
					NameQuest = "JungleQuest"
					QuestLv = 2
					NameMon = "Gorilla"
					CFrameQ = CFrame.new(-1601.6553955078, 36.85213470459, 153.38809204102)
					CFrameMon = CFrame.new(-1142.6488037109, 40.462348937988, -515.39227294922)
				elseif Lv == 30 or Lv <= 39 or SelectMonster == "Pirate [Lv. 35]" then -- Pirate
					Ms = "Pirate [Lv. 35]"
					NameQuest = "BuggyQuest1"
					QuestLv = 1
					NameMon = "Pirate"
					CFrameQ = CFrame.new(-1140.1761474609, 4.752049446106, 3827.4057617188)
					CFrameMon = CFrame.new(-1201.0881347656, 40.628940582275, 3857.5966796875)
				elseif Lv == 40 or Lv <= 59 or SelectMonster == "Brute [Lv. 45]" then -- Brute
					Ms = "Brute [Lv. 45]"
					NameQuest = "BuggyQuest1"
					QuestLv = 2
					NameMon = "Brute"
					CFrameQ = CFrame.new(-1140.1761474609, 4.752049446106, 3827.4057617188)
					CFrameMon = CFrame.new(-1387.5324707031, 24.592035293579, 4100.9575195313)
				elseif Lv == 60 or Lv <= 74 or SelectMonster == "Desert Bandit [Lv. 60]" then -- Desert Bandit
					Ms = "Desert Bandit [Lv. 60]"
					NameQuest = "DesertQuest"
					QuestLv = 1
					NameMon = "Desert Bandit"
					CFrameQ = CFrame.new(896.51721191406, 6.4384617805481, 4390.1494140625)
					CFrameMon = CFrame.new(984.99896240234, 16.109552383423, 4417.91015625)
				elseif Lv == 75 or Lv <= 89 or SelectMonster == "Desert Officer [Lv. 70]" then -- Desert Officer
					Ms = "Desert Officer [Lv. 70]"
					NameQuest = "DesertQuest"
					QuestLv = 2
					NameMon = "Desert Officer"
					CFrameQ = CFrame.new(896.51721191406, 6.4384617805481, 4390.1494140625)
					CFrameMon = CFrame.new(1547.1510009766, 14.452038764954, 4381.8002929688)
				elseif Lv == 90 or Lv <= 99 or SelectMonster == "Snow Bandit [Lv. 90]" then -- Snow Bandit
					Ms = "Snow Bandit [Lv. 90]"
					NameQuest = "SnowQuest"
					QuestLv = 1
					NameMon = "Snow Bandit"
					CFrameQ = CFrame.new(1386.8073730469, 87.272789001465, -1298.3576660156)
					CFrameMon = CFrame.new(1356.3028564453, 105.76865386963, -1328.2418212891)
				elseif Lv == 100 or Lv <= 119 or SelectMonster == "Snowman [Lv. 100]" then -- Snowman
					Ms = "Snowman [Lv. 100]"
					NameQuest = "SnowQuest"
					QuestLv = 2
					NameMon = "Snowman"
					CFrameQ = CFrame.new(1386.8073730469, 87.272789001465, -1298.3576660156)
					CFrameMon = CFrame.new(1218.7956542969, 138.01184082031, -1488.0262451172)
				elseif Lv == 120 or Lv <= 149 or SelectMonster == "Chief Petty Officer [Lv. 120]" then -- Chief Petty Officer
					Ms = "Chief Petty Officer [Lv. 120]"
					NameQuest = "MarineQuest2"
					QuestLv = 1
					NameMon = "Chief Petty Officer"
					CFrameQ = CFrame.new(-5035.49609375, 28.677835464478, 4324.1840820313)
					CFrameMon = CFrame.new(-4931.1552734375, 65.793113708496, 4121.8393554688)
				elseif Lv == 150 or Lv <= 174 or SelectMonster == "Sky Bandit [Lv. 150]" then -- Sky Bandit
					Ms = "Sky Bandit [Lv. 150]"
					NameQuest = "SkyQuest"
					QuestLv = 1
					NameMon = "Sky Bandit"
					CFrameQ = CFrame.new(-4842.1372070313, 717.69543457031, -2623.0483398438)
					CFrameMon = CFrame.new(-4955.6411132813, 365.46365356445, -2908.1865234375)
				elseif Lv == 175 or Lv <= 249 or SelectMonster == "Dark Master [Lv. 175]" then -- Dark Master
					Ms = "Dark Master [Lv. 175]"
					NameQuest = "SkyQuest"
					QuestLv = 2
					NameMon = "Dark Master"
					CFrameQ = CFrame.new(-4842.1372070313, 717.69543457031, -2623.0483398438)
					CFrameMon = CFrame.new(-5148.1650390625, 439.04571533203, -2332.9611816406)
				elseif Lv == 250 or Lv <= 274 or SelectMonster == "Toga Warrior [Lv. 250]" then -- Toga Warrior
					Ms = "Toga Warrior [Lv. 250]"
					NameQuest = "ColosseumQuest"
					QuestLv = 1
					NameMon = "Toga Warrior"
					CFrameQ = CFrame.new(-1577.7890625, 7.4151420593262, -2984.4838867188)
					CFrameMon = CFrame.new(-1872.5166015625, 49.080215454102, -2913.810546875)
				elseif Lv == 275 or Lv <= 299 or SelectMonster == "Gladiator [Lv. 275]" then -- Gladiator
					Ms = "Gladiator [Lv. 275]"
					NameQuest = "ColosseumQuest"
					QuestLv = 2
					NameMon = "Gladiator"
					CFrameQ = CFrame.new(-1577.7890625, 7.4151420593262, -2984.4838867188)
					CFrameMon = CFrame.new(-1521.3740234375, 81.203170776367, -3066.3139648438)
				elseif Lv == 300 or Lv <= 329 or SelectMonster == "Military Soldier [Lv. 300]" then -- Military Soldier
					Ms = "Military Soldier [Lv. 300]"
					NameQuest = "MagmaQuest"
					QuestLv = 1
					NameMon = "Military Soldier"
					CFrameQ = CFrame.new(-5316.1157226563, 12.262831687927, 8517.00390625)
					CFrameMon = CFrame.new(-5369.0004882813, 61.24352645874, 8556.4921875)
				elseif Lv == 330 or Lv <= 374 or SelectMonster == "Military Spy [Lv. 325]" then -- Military Spy
					Ms = "Military Spy [Lv. 325]"
					NameQuest = "MagmaQuest"
					QuestLv = 2
					NameMon = "Military Spy"
					CFrameQ = CFrame.new(-5316.1157226563, 12.262831687927, 8517.00390625)
					CFrameMon = CFrame.new(-5984.0532226563, 82.14656829834, 8753.326171875)
				elseif Lv == 375 or Lv <= 399 or SelectMonster == "Fishman Warrior [Lv. 375]" then -- Fishman Warrior 
					_G.FM = true
					Ms = "Fishman Warrior [Lv. 375]"
					NameQuest = "FishmanQuest"
					QuestLv = 1
					NameMon = "Fishman Warrior"
					CFrameQ = CFrame.new(61122.65234375, 18.497442245483, 1569.3997802734)
					CFrameMon = CFrame.new(60844.10546875, 98.462875366211, 1298.3985595703)
					if Auto_Farm and (CFrameMon.Position - game.Players.LocalPlayer.Character.HumanoidRootPart.Position).Magnitude > 3000 then
						game:GetService("ReplicatedStorage").Remotes.CommF_:InvokeServer("requestEntrance",Vector3.new(61163.8515625, 11.6796875, 1819.7841796875))
					end
				elseif Lv == 400 or Lv <= 449 or SelectMonster == "Fishman Commando [Lv. 400]" then -- Fishman Commando
					_G.FM = true
					Ms = "Fishman Commando [Lv. 400]"
					NameQuest = "FishmanQuest"
					QuestLv = 2
					NameMon = "Fishman Commando"
					CFrameQ = CFrame.new(61122.65234375, 18.497442245483, 1569.3997802734)
					CFrameMon = CFrame.new(61738.3984375, 64.207321166992, 1433.8375244141)
					if Auto_Farm and (CFrameMon.Position - game.Players.LocalPlayer.Character.HumanoidRootPart.Position).Magnitude > 3000 then
						game:GetService("ReplicatedStorage").Remotes.CommF_:InvokeServer("requestEntrance",Vector3.new(61163.8515625, 11.6796875, 1819.7841796875))
					end
				elseif Lv == 450 or Lv <= 474 or SelectMonster == "God's Guard [Lv. 450]" then -- God's Guard
					_G.FM = false
					Ms = "God's Guard [Lv. 450]"
					NameQuest = "SkyExp1Quest"
					QuestLv = 1
					NameMon = "God's Guard"
					CFrameQ = CFrame.new(-4721.8603515625, 845.30297851563, -1953.8489990234)
					CFrameMon = CFrame.new(-4628.0498046875, 866.92877197266, -1931.2352294922)
					if Auto_Farm and (CFrameMon.Position - game.Players.LocalPlayer.Character.HumanoidRootPart.Position).Magnitude > 3000 then
						game:GetService("ReplicatedStorage").Remotes.CommF_:InvokeServer("requestEntrance",Vector3.new(-4607.82275, 872.54248, -1667.55688))
					end
				elseif Lv == 475 or Lv <= 524 or SelectMonster == "Shanda [Lv. 475]" then -- Shanda
					_G.FM = false
					Ms = "Shanda [Lv. 475]"
					NameQuest = "SkyExp1Quest"
					QuestLv = 2
					NameMon = "Shanda"
					CFrameQ = CFrame.new(-7863.1596679688, 5545.5190429688, -378.42266845703)
					CFrameMon = CFrame.new(-7685.1474609375, 5601.0751953125, -441.38876342773)
					if Auto_Farm and (CFrameMon.Position - game.Players.LocalPlayer.Character.HumanoidRootPart.Position).Magnitude > 3000 then
						game:GetService("ReplicatedStorage").Remotes.CommF_:InvokeServer("requestEntrance",Vector3.new(-7894.6176757813, 5547.1416015625, -380.29119873047))
					end
				elseif Lv == 525 or Lv <= 549 or SelectMonster == "Royal Squad [Lv. 525]" then -- Royal Squad
					Ms = "Royal Squad [Lv. 525]"
					NameQuest = "SkyExp2Quest"
					QuestLv = 1
					NameMon = "Royal Squad"
					CFrameQ = CFrame.new(-7903.3828125, 5635.9897460938, -1410.923828125)
					CFrameMon = CFrame.new(-7654.2514648438, 5637.1079101563, -1407.7550048828)
				elseif Lv == 550 or Lv <= 624 or SelectMonster == "Royal Soldier [Lv. 550]" then -- Royal Soldier
					Ms = "Royal Soldier [Lv. 550]"
					NameQuest = "SkyExp2Quest"
					QuestLv = 2
					NameMon = "Royal Soldier"
					CFrameQ = CFrame.new(-7903.3828125, 5635.9897460938, -1410.923828125)
					CFrameMon = CFrame.new(-7760.4106445313, 5679.9077148438, -1884.8112792969)
				elseif Lv == 625 or Lv <= 649 or SelectMonster == "Galley Pirate [Lv. 625]" then -- Galley Pirate
					Ms = "Galley Pirate [Lv. 625]"
					NameQuest = "FountainQuest"
					QuestLv = 1
					NameMon = "Galley Pirate"
					CFrameQ = CFrame.new(5258.2788085938, 38.526931762695, 4050.044921875)
					CFrameMon = CFrame.new(5557.1684570313, 152.32717895508, 3998.7758789063)
				elseif Lv >= 650 or SelectMonster == "Galley Captain [Lv. 650]" then -- Galley Captain
					Ms = "Galley Captain [Lv. 650]"
					NameQuest = "FountainQuest"
					QuestLv = 2
					NameMon = "Galley Captain"
					CFrameQ = CFrame.new(5258.2788085938, 38.526931762695, 4050.044921875)
					CFrameMon = CFrame.new(5677.6772460938, 92.786109924316, 4966.6323242188)
				end
			end
			if New_World then
				if Lv == 700 or Lv <= 724 or SelectMonster == "Raider [Lv. 700]" then -- Raider
					Ms = "Raider [Lv. 700]"
					NameQuest = "Area1Quest"
					QuestLv = 1
					NameMon = "Raider"
					CFrameQ = CFrame.new(-427.72567749023, 72.99634552002, 1835.9426269531)
					CFrameMon = CFrame.new(68.874565124512, 93.635643005371, 2429.6752929688)
				elseif Lv == 725 or Lv <= 774 or SelectMonster == "Mercenary [Lv. 725]" then -- Mercenary
					Ms = "Mercenary [Lv. 725]"
					NameQuest = "Area1Quest"
					QuestLv = 2
					NameMon = "Mercenary"
					CFrameQ = CFrame.new(-427.72567749023, 72.99634552002, 1835.9426269531)
					CFrameMon = CFrame.new(-864.85009765625, 122.47104644775, 1453.1505126953)
				elseif Lv == 775 or Lv <= 799 or SelectMonster == "Swan Pirate [Lv. 775]" then -- Swan Pirate
					Ms = "Swan Pirate [Lv. 775]"
					NameQuest = "Area2Quest"
					QuestLv = 1
					NameMon = "Swan Pirate"
					CFrameQ = CFrame.new(635.61151123047, 73.096351623535, 917.81298828125)
					CFrameMon = CFrame.new(1065.3669433594, 137.64012145996, 1324.3798828125)
				elseif Lv == 800 or Lv <= 874 or SelectMonster == "Factory Staff [Lv. 800]" then -- Factory Staff
					Ms = "Factory Staff [Lv. 800]"
					NameQuest = "Area2Quest"
					QuestLv = 2
					NameMon = "Factory Staff"
					CFrameQ = CFrame.new(635.61151123047, 73.096351623535, 917.81298828125)
					CFrameMon = CFrame.new(533.22045898438, 128.46876525879, 355.62615966797)
				elseif Lv == 875 or Lv <= 899 or SelectMonster == "Marine Lieutenant [Lv. 875]" then -- Marine Lieutenant
					Ms = "Marine Lieutenant [Lv. 875]"
					NameQuest = "MarineQuest3"
					QuestLv = 1
					NameMon = "Marine Lieutenant"
					CFrameQ = CFrame.new(-2440.9934082031, 73.04190826416, -3217.7082519531)
					CFrameMon = CFrame.new(-2489.2622070313, 84.613594055176, -3151.8830566406)
				elseif Lv == 900 or Lv <= 949 or SelectMonster == "Marine Captain [Lv. 900]" then -- Marine Captain
					Ms = "Marine Captain [Lv. 900]"
					NameQuest = "MarineQuest3"
					QuestLv = 2
					NameMon = "Marine Captain"
					CFrameQ = CFrame.new(-2440.9934082031, 73.04190826416, -3217.7082519531)
					CFrameMon = CFrame.new(-2335.2026367188, 79.786659240723, -3245.8674316406)
					if Lv >= 925 then
						_G.SelectBoss = "Fajita [Lv. 925] [Boss]"
					end
				elseif Lv == 950 or Lv <= 974 or SelectMonster == "Zombie [Lv. 950]" then -- Zombie
					Ms = "Zombie [Lv. 950]"
					NameQuest = "ZombieQuest"
					QuestLv = 1
					NameMon = "Zombie"
					CFrameQ = CFrame.new(-5494.3413085938, 48.505931854248, -794.59094238281)
					CFrameMon = CFrame.new(-5536.4970703125, 101.08577728271, -835.59075927734)
				elseif Lv == 975 or Lv <= 999 or SelectMonster == "Vampire [Lv. 975]" then -- Vampire
					Ms = "Vampire [Lv. 975]"
					NameQuest = "ZombieQuest"
					QuestLv = 2
					NameMon = "Vampire"
					CFrameQ = CFrame.new(-5494.3413085938, 48.505931854248, -794.59094238281)
					CFrameMon = CFrame.new(-5806.1098632813, 16.722528457642, -1164.4384765625)
				elseif Lv == 1000 or Lv <= 1049 or SelectMonster == "Snow Trooper [Lv. 1000]" then -- Snow Trooper
					Ms = "Snow Trooper [Lv. 1000]"
					NameQuest = "SnowMountainQuest"
					QuestLv = 1
					NameMon = "Snow Trooper"
					CFrameQ = CFrame.new(607.05963134766, 401.44781494141, -5370.5546875)
					CFrameMon = CFrame.new(535.21051025391, 432.74209594727, -5484.9165039063)
				elseif Lv == 1050 or Lv <= 1099 or SelectMonster == "Winter Warrior [Lv. 1050]" then -- Winter Warrior
					Ms = "Winter Warrior [Lv. 1050]"
					NameQuest = "SnowMountainQuest"
					QuestLv = 2
					NameMon = "Winter Warrior"
					CFrameQ = CFrame.new(607.05963134766, 401.44781494141, -5370.5546875)
					CFrameMon = CFrame.new(1234.4449462891, 456.95419311523, -5174.130859375)
				elseif Lv == 1100 or Lv <= 1124 or SelectMonster == "Lab Subordinate [Lv. 1100]" then -- Lab Subordinate
					Ms = "Lab Subordinate [Lv. 1100]"
					NameQuest = "IceSideQuest"
					QuestLv = 1
					NameMon = "Lab Subordinate"
					CFrameQ = CFrame.new(-6061.841796875, 15.926671981812, -4902.0385742188)
					CFrameMon = CFrame.new(-5720.5576171875, 63.309471130371, -4784.6103515625)
				elseif Lv == 1125 or Lv <= 1174 or SelectMonster == "Horned Warrior [Lv. 1125]" then -- Horned Warrior
					Ms = "Horned Warrior [Lv. 1125]"
					NameQuest = "IceSideQuest"
					QuestLv = 2
					NameMon = "Horned Warrior"
					CFrameQ = CFrame.new(-6061.841796875, 15.926671981812, -4902.0385742188)
					CFrameMon = CFrame.new(-6292.751953125, 91.181983947754, -5502.6499023438)
				elseif Lv == 1175 or Lv <= 1199 or SelectMonster == "Magma Ninja [Lv. 1175]" then -- Magma Ninja
					Ms = "Magma Ninja [Lv. 1175]"
					NameQuest = "FireSideQuest"
					QuestLv = 1
					NameMon = "Magma Ninja"
					CFrameQ = CFrame.new(-5429.0473632813, 15.977565765381, -5297.9614257813)
					CFrameMon = CFrame.new(-5461.8388671875, 130.36347961426, -5836.4702148438)
				elseif Lv == 1200 or Lv <= 1249 or SelectMonster == "Lava Pirate [Lv. 1200]" then -- Lava Pirate
					Ms = "Lava Pirate [Lv. 1200]"
					NameQuest = "FireSideQuest"
					QuestLv = 2
					NameMon = "Lava Pirate"
					CFrameQ = CFrame.new(-5429.0473632813, 15.977565765381, -5297.9614257813)
					CFrameMon = CFrame.new(-5251.1889648438, 55.164535522461, -4774.4096679688)
				elseif Lv == 1250 or Lv <= 1274 or SelectMonster == "Ship Deckhand [Lv. 1250]" then -- Ship Deckhand
					Ms = "Ship Deckhand [Lv. 1250]"
					NameQuest = "ShipQuest1"
					QuestLv = 1
					NameMon = "Ship Deckhand"
					CFrameQ = CFrame.new(1040.2927246094, 125.08293151855, 32911.0390625)
					CFrameMon = CFrame.new(921.12365722656, 125.9839553833, 33088.328125)
					if Auto_Farm and (CFrameMon.Position - game.Players.LocalPlayer.Character.HumanoidRootPart.Position).Magnitude > 20000 then
						game:GetService("ReplicatedStorage").Remotes.CommF_:InvokeServer("requestEntrance",Vector3.new(923.21252441406, 126.9760055542, 32852.83203125))
					end
				elseif Lv == 1275 or Lv <= 1299 or SelectMonster == "Ship Engineer [Lv. 1275]" then -- Ship Engineer
					Ms = "Ship Engineer [Lv. 1275]"
					NameQuest = "ShipQuest1"
					QuestLv = 2
					NameMon = "Ship Engineer"
					CFrameQ = CFrame.new(1040.2927246094, 125.08293151855, 32911.0390625)
					CFrameMon = CFrame.new(886.28179931641, 40.47790145874, 32800.83203125)
					if Auto_Farm and (CFrameMon.Position - game.Players.LocalPlayer.Character.HumanoidRootPart.Position).Magnitude > 20000 then
						game:GetService("ReplicatedStorage").Remotes.CommF_:InvokeServer("requestEntrance",Vector3.new(923.21252441406, 126.9760055542, 32852.83203125))
					end
